{
    "mappings": [
        {
            "source": "LeftShoulder",
            "target": "LeftShoulder",
            "rest": [
                0.027922604233026505,
                0.9225501418113708,
                0.38486528396606445,
                0.047135449945926666,
                0.9963060617446899,
                0.005592195317149162,
                -0.08568865060806274,
                0.037796564400196075,
                -0.08120425045490265,
                0.3858363628387451,
                -0.918986439704895,
                0.37743791937828064,
                0.0,
                0.0,
                0.0,
                1.0
            ],
            "offset": [
                0.9993085861206055,
                -0.03569841384887695,
                -0.010365811176598072,
                0.0,
                0.036742858588695526,
                0.9062721133232117,
                0.42109450697898865,
                0.0,
                -0.005638159345835447,
                -0.4211843013763428,
                0.9069575071334839,
                0.0,
                0.0,
                0.0,
                0.0,
                1.0
            ]
        },
        {
            "source": "LeftArm",
            "target": "LeftArm",
            "rest": [
                -0.07822471857070923,
                0.9887348413467407,
                -0.12760916352272034,
                0.15682271122932434,
                0.996680498123169,
                0.0746656209230423,
                -0.0324467271566391,
                0.038461390882730484,
                -0.0225530918687582,
                -0.1297236979007721,
                -0.9912936687469482,
                0.42331182956695557,
                0.0,
                0.0,
                0.0,
                1.0
            ],
            "offset": [
                0.9992691278457642,
                -0.006605437025427818,
                -0.03765058144927025,
                0.0,
                0.023018084466457367,
                0.89034104347229,
                0.4547119736671448,
                0.0,
                0.030518285930156708,
                -0.45524629950523376,
                0.8898423910140991,
                0.0,
                0.0,
                0.0,
                0.0,
                1.0
            ]
        },
        {
            "source": "LeftForeArm",
            "target": "LeftForeArm",
            "rest": [
                0.09218171238899231,
                0.9956181645393372,
                -0.015712596476078033,
                0.43873971700668335,
                0.9943789839744568,
                -0.09286949783563614,
                -0.05084583908319473,
                0.059750765562057495,
                -0.05208217725157738,
                -0.010937212966382504,
                -0.9985827803611755,
                0.3863239288330078,
                0.0,
                0.0,
                0.0,
                1.0
            ],
            "offset": [
                0.9612194299697876,
                0.27224811911582947,
                -0.044024672359228134,
                0.0,
                -0.27138179540634155,
                0.9621548056602478,
                0.024699285626411438,
                0.0,
                0.04908289015293121,
                -0.011793941259384155,
                0.9987249374389648,
                0.0,
                0.0,
                0.0,
                0.0,
                1.0
            ]
        },
        {
            "source": "LeftHand",
            "target": "LeftHand",
            "rest": [
                0.05984809994697571,
                0.9929898977279663,
                -0.1019262820482254,
                0.6896076202392578,
                0.9978322386741638,
                -0.056714560836553574,
                0.03337166830897331,
                0.036350369453430176,
                0.02735712006688118,
                -0.10370256751775742,
                -0.9942318797111511,
                0.3835681080818176,
                0.0,
                0.0,
                0.0,
                1.0
            ],
            "offset": [
                1.0,
                0.0,
                0.0,
                0.0,
                0.0,
                1.0,
                0.0,
                0.0,
                0.0,
                0.0,
                1.0,
                0.0,
                0.0,
                0.0,
                0.0,
                1.0
            ]
        },
        {
            "source": "LeftUpLeg",
            "target": "LeftUpLeg",
            "rest": [
                -0.9978311061859131,
                0.06580889970064163,
                -0.0035320401657372713,
                0.09534388780593872,
                0.004398747812956572,
                0.013076607137918472,
                -0.9999052882194519,
                -0.006903535220772028,
                -0.06575646251440048,
                -0.9977465271949768,
                -0.013337813317775726,
                -0.1058112382888794,
                0.0,
                0.0,
                0.0,
                1.0
            ],
            "offset": [
                1.0,
                0.0,
                0.0,
                0.0,
                0.0,
                1.0,
                0.0,
                0.0,
                0.0,
                0.0,
                1.0,
                0.0,
                0.0,
                0.0,
                0.0,
                1.0
            ]
        },
        {
            "source": "LeftLeg",
            "target": "LeftLeg",
            "rest": [
                -0.9981982111930847,
                0.060042522847652435,
                0.0023304177448153496,
                0.1254958063364029,
                0.003464768873527646,
                0.0962844118475914,
                -0.995348334312439,
                -0.0009121773764491081,
                -0.05998761206865311,
                -0.9935413599014282,
                -0.09631858766078949,
                -0.56295245885849,
                0.0,
                0.0,
                0.0,
                1.0
            ],
            "offset": [
                1.0,
                0.0,
                0.0,
                0.0,
                0.0,
                1.0,
                0.0,
                0.0,
                0.0,
                0.0,
                1.0,
                0.0,
                0.0,
                0.0,
                0.0,
                1.0
            ]
        },
        {
            "source": "LeftFoot",
            "target": "LeftFoot",
            "rest": [
                -0.9965248703956604,
                0.016954226419329643,
                -0.0816144123673439,
                0.1521458774805069,
                0.032362282276153564,
                -0.8235824108123779,
                -0.5662734508514404,
                0.04182492196559906,
                -0.07681683450937271,
                -0.5669438242912292,
                0.820167064666748,
                -1.0039445161819458,
                0.0,
                0.0,
                0.0,
                1.0
            ],
            "offset": [
                1.0,
                0.0,
                0.0,
                0.0,
                0.0,
                1.0,
                0.0,
                0.0,
                0.0,
                0.0,
                1.0,
                0.0,
                0.0,
                0.0,
                0.0,
                1.0
            ]
        },
        {
            "source": "LeftToe",
            "target": "LeftToeBase",
            "rest": [
                -0.9995003938674927,
                0.03146535903215408,
                -0.004346691071987152,
                0.15466903150081635,
                -0.031160026788711548,
                -0.9977967739105225,
                -0.05857974290847778,
                -0.08076067268848419,
                -0.006180673837661743,
                -0.05841487646102905,
                0.9982732534408569,
                -1.0883309841156006,
                0.0,
                0.0,
                0.0,
                1.0
            ],
            "offset": [
                1.0,
                0.0,
                0.0,
                0.0,
                0.0,
                1.0,
                0.0,
                0.0,
                0.0,
                0.0,
                1.0,
                0.0,
                0.0,
                0.0,
                0.0,
                1.0
            ]
        },
        {
            "source": "RightShoulder",
            "target": "RightShoulder",
            "rest": [
                0.027254901826381683,
                -0.9256816506385803,
                -0.37732020020484924,
                -0.04713556170463562,
                -0.9963061213493347,
                0.005594227463006973,
                -0.08569066226482391,
                0.03779657930135727,
                0.0814330205321312,
                0.37826183438301086,
                -0.9221099019050598,
                0.37743765115737915,
                0.0,
                0.0,
                0.0,
                1.0
            ],
            "offset": [
                0.9993340969085693,
                0.03507952392101288,
                0.010031570680439472,
                0.0,
                -0.036086030304431915,
                0.9097111821174622,
                0.41367030143737793,
                0.0,
                0.005385525058954954,
                -0.4137568175792694,
                0.9103714823722839,
                0.0,
                0.0,
                0.0,
                0.0,
                1.0
            ]
        },
        {
            "source": "RightArm",
            "target": "RightArm",
            "rest": [
                -0.07640675455331802,
                -0.9954941272735596,
                0.05615910887718201,
                -0.15719515085220337,
                -0.9966805577278137,
                0.07466727495193481,
                -0.03244692087173462,
                0.03846174478530884,
                0.02810736373066902,
                -0.05845189094543457,
                -0.9978944063186646,
                0.4224115014076233,
                0.0,
                0.0,
                0.0,
                1.0
            ],
            "offset": [
                0.9990084767341614,
                0.00593836884945631,
                0.04412320628762245,
                0.0,
                -0.028204703703522682,
                0.8512340188026428,
                0.524027943611145,
                0.0,
                -0.03444730117917061,
                -0.5247529149055481,
                0.850557267665863,
                0.0,
                0.0,
                0.0,
                0.0,
                1.0
            ]
        },
        {
            "source": "RightForeArm",
            "target": "RightForeArm",
            "rest": [
                0.057663582265377045,
                -0.9968504905700684,
                -0.054445721209049225,
                -0.441038578748703,
                -0.9978377819061279,
                -0.055826131254434586,
                -0.03469023481011391,
                0.05975155532360077,
                0.03154138848185539,
                0.056328244507312775,
                -0.9979138970375061,
                0.40574511885643005,
                0.0,
                0.0,
                0.0,
                1.0
            ],
            "offset": [
                0.95098876953125,
                -0.3078137934207916,
                0.02951374091207981,
                0.0,
                0.30741190910339355,
                0.9514169692993164,
                0.017418628558516502,
                0.0,
                -0.03344157338142395,
                -0.0074920435436069965,
                0.9994125962257385,
                0.0,
                0.0,
                0.0,
                0.0,
                1.0
            ]
        },
        {
            "source": "RightHand",
            "target": "RightHand",
            "rest": [
                0.019873904064297676,
                -0.9991894960403442,
                0.03500781208276749,
                -0.6922171115875244,
                -0.9987658858299255,
                -0.018247172236442566,
                0.04619342088699341,
                0.045684993267059326,
                -0.04551728442311287,
                -0.03588273748755455,
                -0.9983187913894653,
                0.4199380576610565,
                0.0,
                0.0,
                0.0,
                1.0
            ],
            "offset": [
                1.0,
                0.0,
                0.0,
                0.0,
                0.0,
                1.0,
                0.0,
                0.0,
                0.0,
                0.0,
                1.0,
                0.0,
                0.0,
                0.0,
                0.0,
                1.0
            ]
        },
        {
            "source": "RightUpLeg",
            "target": "RightUpLeg",
            "rest": [
                -0.9978309869766235,
                -0.06580913066864014,
                0.003536057425662875,
                -0.09534387290477753,
                -0.004402921535074711,
                0.013076422736048698,
                -0.9999052286148071,
                -0.006903504021465778,
                0.06575664132833481,
                -0.9977465867996216,
                -0.013337884098291397,
                -0.10581099987030029,
                0.0,
                0.0,
                0.0,
                1.0
            ],
            "offset": [
                1.0,
                0.0,
                0.0,
                0.0,
                0.0,
                1.0,
                0.0,
                0.0,
                0.0,
                0.0,
                1.0,
                0.0,
                0.0,
                0.0,
                0.0,
                1.0
            ]
        },
        {
            "source": "RightLeg",
            "target": "RightLeg",
            "rest": [
                -0.9981981515884399,
                -0.06004226952791214,
                -0.0023280472960323095,
                -0.12549594044685364,
                -0.0034672932233661413,
                0.09628487378358841,
                -0.9953482151031494,
                -0.0009122220799326897,
                0.059987131506204605,
                -0.9935413002967834,
                -0.09631919115781784,
                -0.5629528760910034,
                0.0,
                0.0,
                0.0,
                1.0
            ],
            "offset": [
                1.0,
                0.0,
                0.0,
                0.0,
                0.0,
                1.0,
                0.0,
                0.0,
                0.0,
                0.0,
                1.0,
                0.0,
                0.0,
                0.0,
                0.0,
                1.0
            ]
        },
        {
            "source": "RightFoot",
            "target": "RightFoot",
            "rest": [
                -0.9965253472328186,
                -0.016948655247688293,
                0.08160880208015442,
                -0.15214626491069794,
                -0.032363925129175186,
                -0.8235816955566406,
                -0.5662744045257568,
                0.04182472079992294,
                0.07680901139974594,
                -0.5669450759887695,
                0.8201669454574585,
                -1.0039454698562622,
                0.0,
                0.0,
                0.0,
                1.0
            ],
            "offset": [
                1.0,
                0.0,
                0.0,
                0.0,
                0.0,
                1.0,
                0.0,
                0.0,
                0.0,
                0.0,
                1.0,
                0.0,
                0.0,
                0.0,
                0.0,
                1.0
            ]
        },
        {
            "source": "RightToe",
            "target": "RightToeBase",
            "rest": [
                -0.9994999766349792,
                -0.031476814299821854,
                0.004355780780315399,
                -0.1546688973903656,
                0.03117077797651291,
                -0.9977965354919434,
                -0.05857884883880615,
                -0.08076058328151703,
                0.006190367043018341,
                -0.058413684368133545,
                0.9982733726501465,
                -1.088331699371338,
                0.0,
                0.0,
                0.0,
                1.0
            ],
            "offset": [
                1.0,
                0.0,
                0.0,
                0.0,
                0.0,
                1.0,
                0.0,
                0.0,
                0.0,
                0.0,
                1.0,
                0.0,
                0.0,
                0.0,
                0.0,
                1.0
            ]
        },
        {
            "source": "Hips",
            "target": "Hips",
            "rest": [
                1.0,
                -5.700826477550436e-09,
                -5.2479917940218e-05,
                8.767874122052322e-13,
                -5.2452454838203266e-05,
                -0.03245646134018898,
                -0.9994731545448303,
                -0.01003055740147829,
                -1.6976146071101539e-06,
                0.9994731545448303,
                -0.03245651721954346,
                -0.11110830307006836,
                0.0,
                0.0,
                0.0,
                1.0
            ],
            "offset": [
                1.0,
                0.0,
                0.0,
                1.9188112219126197e-06,
                0.0,
                1.0,
                0.0,
                -1.1297030448913574,
                0.0,
                0.0,
                1.0,
                0.03668548911809921,
                0.0,
                0.0,
                0.0,
                1.0
            ]
        },
        {
            "source": "Spine",
            "target": "Spine",
            "rest": [
                1.0,
                -4.983758117305115e-08,
                1.9331855583004653e-07,
                -5.59751189843638e-10,
                1.9748040358535945e-07,
                0.10484033823013306,
                -0.9944890737533569,
                -0.013226648792624474,
                2.929766651504906e-08,
                0.9944890737533569,
                0.10484027862548828,
                -0.012686967849731445,
                0.0,
                0.0,
                0.0,
                1.0
            ],
            "offset": [
                1.0,
                0.0,
                0.0,
                0.0,
                0.0,
                1.0,
                0.0,
                0.0,
                0.0,
                0.0,
                1.0,
                0.0,
                0.0,
                0.0,
                0.0,
                1.0
            ]
        },
        {
            "source": "Spine1",
            "target": "Spine1",
            "rest": [
                1.0,
                -2.640278182752809e-07,
                3.2289193541146233e-07,
                -7.063202467350038e-09,
                3.627834246344719e-07,
                0.16858318448066711,
                -0.9856874346733093,
                0.00045471545308828354,
                2.0581705939548556e-07,
                0.9856873750686646,
                0.16858312487602234,
                0.11709128320217133,
                0.0,
                0.0,
                0.0,
                1.0
            ],
            "offset": [
                1.0,
                0.0,
                0.0,
                0.0,
                0.0,
                1.0,
                0.0,
                0.0,
                0.0,
                0.0,
                1.0,
                0.0,
                0.0,
                0.0,
                0.0,
                1.0
            ]
        },
        {
            "source": "Spine2",
            "target": "Spine2",
            "rest": [
                1.0,
                -4.896088512396091e-07,
                -1.926493098380888e-07,
                -3.922302482806117e-08,
                -1.5544208054052433e-07,
                0.07488434761762619,
                -0.9971922039985657,
                0.020989233627915382,
                5.026628286941559e-07,
                0.9971921443939209,
                0.07488429546356201,
                0.23715433478355408,
                0.0,
                0.0,
                0.0,
                1.0
            ],
            "offset": [
                1.0,
                0.0,
                0.0,
                0.0,
                0.0,
                1.0,
                0.0,
                0.0,
                0.0,
                0.0,
                1.0,
                0.0,
                0.0,
                0.0,
                0.0,
                1.0
            ]
        },
        {
            "source": "Neck",
            "target": "Neck",
            "rest": [
                1.0,
                -7.068010177135875e-07,
                2.064224702280626e-07,
                -1.1539337663180049e-07,
                -3.670947279488246e-08,
                -0.3278506398200989,
                -0.9447295665740967,
                0.03263939172029495,
                7.354138347182015e-07,
                0.9447294473648071,
                -0.32785066962242126,
                0.39229246973991394,
                0.0,
                0.0,
                0.0,
                1.0
            ],
            "offset": [
                1.0,
                0.0,
                0.0,
                0.0,
                0.0,
                1.0,
                0.0,
                0.0,
                0.0,
                0.0,
                1.0,
                0.0,
                0.0,
                0.0,
                0.0,
                1.0
            ]
        },
        {
            "source": "Head",
            "target": "Head",
            "rest": [
                1.0,
                1.2150292150181485e-07,
                -5.249115133665327e-07,
                -2.0207653506076895e-07,
                -4.932821866532322e-07,
                -0.18540024757385254,
                -0.9826630353927612,
                -0.007567539811134338,
                -2.1671279171187052e-07,
                0.9826629161834717,
                -0.18540027737617493,
                0.5081523656845093,
                0.0,
                0.0,
                0.0,
                1.0
            ],
            "offset": [
                1.0,
                9.553684776619775e-08,
                1.3252527963913963e-08,
                0.0,
                -9.164313041765126e-08,
                0.9839766025543213,
                -0.17829753458499908,
                0.0,
                -3.007416182754241e-08,
                0.17829753458499908,
                0.9839766025543213,
                0.0,
                0.0,
                0.0,
                0.0,
                1.0
            ]
        }
    ],
    "ik_limbs": [],
    "setting_correct_feet": false,
    "setting_correct_hands": false
}