{
    "mappings": [
        {
            "source": "LeftShoulder",
            "target": "LeftShoulder",
            "rest": [
                -0.009019715711474419,
                0.9223206043243408,
                0.3863201141357422,
                0.04713546857237816,
                0.996306300163269,
                0.04128182679414749,
                -0.07529693096876144,
                0.14080214500427246,
                -0.08539585769176483,
                0.38421401381492615,
                -0.9192861318588257,
                0.39645203948020935,
                0.0,
                0.0,
                0.0,
                1.0
            ],
            "offset": [
                1.0,
                0.0,
                0.0,
                0.0,
                0.0,
                0.9063076972961426,
                0.4226182997226715,
                0.0,
                0.0,
                -0.4226182997226715,
                0.9063076972961426,
                0.0,
                0.0,
                0.0,
                0.0,
                1.0
            ]
        },
        {
            "source": "LeftArm",
            "target": "LeftArm",
            "rest": [
                -0.11662401258945465,
                0.9789003133773804,
                -0.16778799891471863,
                0.1567954421043396,
                0.9931080937385559,
                0.11691893637180328,
                -0.008154377341270447,
                0.1457103043794632,
                0.011635318398475647,
                -0.16758260130882263,
                -0.9857892394065857,
                0.4421330690383911,
                0.0,
                0.0,
                0.0,
                1.0
            ],
            "offset": [
                1.0,
                0.0,
                0.0,
                0.0,
                0.0,
                0.9063076972961426,
                0.4226182997226715,
                0.0,
                0.0,
                -0.4226182997226715,
                0.9063076972961426,
                0.0,
                0.0,
                0.0,
                0.0,
                1.0
            ]
        },
        {
            "source": "LeftForeArm",
            "target": "LeftForeArm",
            "rest": [
                -0.018105924129486084,
                0.9938284754753113,
                0.10943867266178131,
                0.43590831756591797,
                0.9994173049926758,
                0.014822108671069145,
                0.030744509771466255,
                0.17904731631278992,
                0.02893270179629326,
                0.10993152111768723,
                -0.9935176968574524,
                0.39435049891471863,
                0.0,
                0.0,
                0.0,
                1.0
            ],
            "offset": [
                0.9396925568580627,
                0.336823970079422,
                0.05939114838838577,
                0.0,
                -0.34202003479003906,
                0.9254165291786194,
                0.16317588090896606,
                0.0,
                0.0,
                -0.1736481487751007,
                0.9848076701164246,
                0.0,
                0.0,
                0.0,
                0.0,
                1.0
            ]
        },
        {
            "source": "LeftHand",
            "target": "LeftHand",
            "rest": [
                -0.05985971540212631,
                0.9981062412261963,
                0.014148108661174774,
                0.686325192451477,
                0.9928119778633118,
                0.05805857479572296,
                0.10465820878744125,
                0.18278218805789948,
                0.1036386489868164,
                0.020311184227466583,
                -0.9944072961807251,
                0.42205023765563965,
                0.0,
                0.0,
                0.0,
                1.0
            ],
            "offset": [
                1.0,
                0.0,
                0.0,
                0.0,
                0.0,
                1.0,
                0.0,
                0.0,
                0.0,
                0.0,
                1.0,
                0.0,
                0.0,
                0.0,
                0.0,
                1.0
            ]
        },
        {
            "source": "LeftUpLeg",
            "target": "LeftUpLeg",
            "rest": [
                -0.9978311061859131,
                0.06580889970064163,
                -0.0035320401657372713,
                0.09534391015768051,
                0.004398747812956572,
                0.013076607137918472,
                -0.9999052882194519,
                0.09610205143690109,
                -0.06575646251440048,
                -0.9977465271949768,
                -0.013337813317775726,
                -0.08679711818695068,
                0.0,
                0.0,
                0.0,
                1.0
            ],
            "offset": [
                1.0,
                0.0,
                0.0,
                0.0,
                0.0,
                1.0,
                0.0,
                0.0,
                0.0,
                0.0,
                1.0,
                0.0,
                0.0,
                0.0,
                0.0,
                1.0
            ]
        },
        {
            "source": "LeftLeg",
            "target": "LeftLeg",
            "rest": [
                -0.9981982111930847,
                0.060042522847652435,
                0.0023304177448153496,
                0.1254958212375641,
                0.003464768873527646,
                0.0962844118475914,
                -0.995348334312439,
                0.102093406021595,
                -0.05998761206865311,
                -0.9935413599014282,
                -0.09631858766078949,
                -0.5439383387565613,
                0.0,
                0.0,
                0.0,
                1.0
            ],
            "offset": [
                1.0,
                0.0,
                0.0,
                0.0,
                0.0,
                1.0,
                0.0,
                0.0,
                0.0,
                0.0,
                1.0,
                0.0,
                0.0,
                0.0,
                0.0,
                1.0
            ]
        },
        {
            "source": "LeftFoot",
            "target": "LeftFoot",
            "rest": [
                -0.9965248703956604,
                0.016954226419329643,
                -0.0816144123673439,
                0.1521458923816681,
                0.032362282276153564,
                -0.8235824108123779,
                -0.5662734508514404,
                0.14483049511909485,
                -0.07681683450937271,
                -0.5669438242912292,
                0.820167064666748,
                -0.9849303960800171,
                0.0,
                0.0,
                0.0,
                1.0
            ],
            "offset": [
                1.0,
                0.0,
                0.0,
                0.0,
                0.0,
                1.0,
                0.0,
                0.0,
                0.0,
                0.0,
                1.0,
                0.0,
                0.0,
                0.0,
                0.0,
                1.0
            ]
        },
        {
            "source": "LeftToe",
            "target": "LeftToeBase",
            "rest": [
                -0.9995003938674927,
                0.03146535903215408,
                -0.004346691071987152,
                0.15466904640197754,
                -0.031160026788711548,
                -0.9977967739105225,
                -0.05857974290847778,
                0.022244893014431,
                -0.006180673837661743,
                -0.05841487646102905,
                0.9982732534408569,
                -1.0693168640136719,
                0.0,
                0.0,
                0.0,
                1.0
            ],
            "offset": [
                1.0,
                0.0,
                0.0,
                0.0,
                0.0,
                1.0,
                0.0,
                0.0,
                0.0,
                0.0,
                1.0,
                0.0,
                0.0,
                0.0,
                0.0,
                1.0
            ]
        },
        {
            "source": "RightShoulder",
            "target": "RightShoulder",
            "rest": [
                -0.009020837023854256,
                -0.9223158955574036,
                -0.3863314688205719,
                -0.04713554307818413,
                -0.9963061809539795,
                0.041284479200839996,
                -0.07529786974191666,
                0.14080215990543365,
                0.08539785444736481,
                0.38422513008117676,
                -0.9192813634872437,
                0.39645177125930786,
                0.0,
                0.0,
                0.0,
                1.0
            ],
            "offset": [
                1.0,
                0.0,
                0.0,
                0.0,
                0.0,
                0.9063076972961426,
                0.4226182997226715,
                0.0,
                0.0,
                -0.4226182997226715,
                0.9063076972961426,
                0.0,
                0.0,
                0.0,
                0.0,
                1.0
            ]
        },
        {
            "source": "RightArm",
            "target": "RightArm",
            "rest": [
                -0.11662668734788895,
                -0.9789026975631714,
                0.16777268052101135,
                -0.156794935464859,
                -0.993107795715332,
                0.11692158877849579,
                -0.008153125643730164,
                0.145710751414299,
                -0.011635221540927887,
                -0.16756725311279297,
                -0.9857919216156006,
                0.4421346187591553,
                0.0,
                0.0,
                0.0,
                1.0
            ],
            "offset": [
                1.0,
                0.0,
                0.0,
                0.0,
                0.0,
                0.9063076972961426,
                0.4226182997226715,
                0.0,
                0.0,
                -0.4226182997226715,
                0.9063076972961426,
                0.0,
                0.0,
                0.0,
                0.0,
                1.0
            ]
        },
        {
            "source": "RightForeArm",
            "target": "RightForeArm",
            "rest": [
                -0.01810932159423828,
                -0.9938271641731262,
                -0.10945212095975876,
                -0.43590766191482544,
                -0.9994173645973206,
                0.014825284481048584,
                0.03074287623167038,
                0.17904846370220184,
                -0.028930533677339554,
                0.10994495451450348,
                -0.9935164451599121,
                0.394356369972229,
                0.0,
                0.0,
                0.0,
                1.0
            ],
            "offset": [
                0.9396925568580627,
                -0.336823970079422,
                -0.05939114838838577,
                0.0,
                0.34202003479003906,
                0.9254165291786194,
                0.16317588090896606,
                0.0,
                0.0,
                -0.1736481487751007,
                0.9848076701164246,
                0.0,
                0.0,
                0.0,
                0.0,
                1.0
            ]
        },
        {
            "source": "RightHand",
            "target": "RightHand",
            "rest": [
                -0.05986378341913223,
                -0.9981061816215515,
                -0.014156237244606018,
                -0.6863244771957397,
                -0.9928127527236938,
                0.05806192383170128,
                0.10464930534362793,
                0.1827840954065323,
                -0.10362928360700607,
                0.020319081842899323,
                -0.9944082498550415,
                0.42205923795700073,
                0.0,
                0.0,
                0.0,
                1.0
            ],
            "offset": [
                1.0,
                0.0,
                0.0,
                0.0,
                0.0,
                1.0,
                0.0,
                0.0,
                0.0,
                0.0,
                1.0,
                0.0,
                0.0,
                0.0,
                0.0,
                1.0
            ]
        },
        {
            "source": "RightUpLeg",
            "target": "RightUpLeg",
            "rest": [
                -0.9978309869766235,
                -0.06580913066864014,
                0.003536057425662875,
                -0.09534385055303574,
                -0.004402921535074711,
                0.013076422736048698,
                -0.9999052286148071,
                0.09610208123922348,
                0.06575664132833481,
                -0.9977465867996216,
                -0.013337884098291397,
                -0.08679687976837158,
                0.0,
                0.0,
                0.0,
                1.0
            ],
            "offset": [
                1.0,
                0.0,
                0.0,
                0.0,
                0.0,
                1.0,
                0.0,
                0.0,
                0.0,
                0.0,
                1.0,
                0.0,
                0.0,
                0.0,
                0.0,
                1.0
            ]
        },
        {
            "source": "RightLeg",
            "target": "RightLeg",
            "rest": [
                -0.9981981515884399,
                -0.06004226952791214,
                -0.0023280472960323095,
                -0.12549592554569244,
                -0.0034672932233661413,
                0.09628487378358841,
                -0.9953482151031494,
                0.10209336131811142,
                0.059987131506204605,
                -0.9935413002967834,
                -0.09631919115781784,
                -0.5439387559890747,
                0.0,
                0.0,
                0.0,
                1.0
            ],
            "offset": [
                1.0,
                0.0,
                0.0,
                0.0,
                0.0,
                1.0,
                0.0,
                0.0,
                0.0,
                0.0,
                1.0,
                0.0,
                0.0,
                0.0,
                0.0,
                1.0
            ]
        },
        {
            "source": "RightFoot",
            "target": "RightFoot",
            "rest": [
                -0.9965253472328186,
                -0.016948655247688293,
                0.08160880208015442,
                -0.15214625000953674,
                -0.032363925129175186,
                -0.8235816955566406,
                -0.5662744045257568,
                0.14483030140399933,
                0.07680901139974594,
                -0.5669450759887695,
                0.8201669454574585,
                -0.9849313497543335,
                0.0,
                0.0,
                0.0,
                1.0
            ],
            "offset": [
                1.0,
                0.0,
                0.0,
                0.0,
                0.0,
                1.0,
                0.0,
                0.0,
                0.0,
                0.0,
                1.0,
                0.0,
                0.0,
                0.0,
                0.0,
                1.0
            ]
        },
        {
            "source": "RightToe",
            "target": "RightToeBase",
            "rest": [
                -0.9994999766349792,
                -0.031476814299821854,
                0.004355780780315399,
                -0.1546688824892044,
                0.03117077797651291,
                -0.9977965354919434,
                -0.05857884883880615,
                0.02224498987197876,
                0.006190367043018341,
                -0.058413684368133545,
                0.9982733726501465,
                -1.0693175792694092,
                0.0,
                0.0,
                0.0,
                1.0
            ],
            "offset": [
                1.0,
                0.0,
                0.0,
                0.0,
                0.0,
                1.0,
                0.0,
                0.0,
                0.0,
                0.0,
                1.0,
                0.0,
                0.0,
                0.0,
                0.0,
                1.0
            ]
        },
        {
            "source": "Hips",
            "target": "Hips",
            "rest": [
                1.0,
                -5.700826477550436e-09,
                -5.2479917940218e-05,
                1.813461025790275e-08,
                -5.2452454838203266e-05,
                -0.03245646134018898,
                -0.9994731545448303,
                0.09297502785921097,
                -1.6976146071101539e-06,
                0.9994731545448303,
                -0.03245651721954346,
                -0.09209418296813965,
                0.0,
                0.0,
                0.0,
                1.0
            ],
            "offset": [
                1.0,
                0.0,
                0.0,
                -3.498229489196092e-06,
                0.0,
                1.0,
                0.0,
                -1.1140421628952026,
                0.0,
                0.0,
                1.0,
                -0.06688296049833298,
                0.0,
                0.0,
                0.0,
                1.0
            ]
        },
        {
            "source": "Spine",
            "target": "Spine",
            "rest": [
                1.0,
                -4.983758117305115e-08,
                1.9331855583004653e-07,
                1.7573983157603834e-08,
                1.9748040358535945e-07,
                0.10484033823013306,
                -0.9944890737533569,
                0.08977893739938736,
                2.929766651504906e-08,
                0.9944890737533569,
                0.10484027862548828,
                0.006327152252197266,
                0.0,
                0.0,
                0.0,
                1.0
            ],
            "offset": [
                1.0,
                0.0,
                0.0,
                0.0,
                0.0,
                1.0,
                0.0,
                0.0,
                0.0,
                0.0,
                1.0,
                0.0,
                0.0,
                0.0,
                0.0,
                1.0
            ]
        },
        {
            "source": "Spine1",
            "target": "Spine1",
            "rest": [
                1.0,
                -2.640278182752809e-07,
                3.2289193541146233e-07,
                1.1070531158452468e-08,
                3.627834246344719e-07,
                0.16858318448066711,
                -0.9856874346733093,
                0.10346029698848724,
                2.0581705939548556e-07,
                0.9856873750686646,
                0.16858312487602234,
                0.13610540330410004,
                0.0,
                0.0,
                0.0,
                1.0
            ],
            "offset": [
                1.0,
                0.0,
                0.0,
                0.0,
                0.0,
                1.0,
                0.0,
                0.0,
                0.0,
                0.0,
                1.0,
                0.0,
                0.0,
                0.0,
                0.0,
                1.0
            ]
        },
        {
            "source": "Spine2",
            "target": "Spine2",
            "rest": [
                1.0,
                -4.896088512396091e-07,
                -1.926493098380888e-07,
                -2.1089292090437084e-08,
                -1.5544208054052433e-07,
                0.07488434761762619,
                -0.9971922039985657,
                0.12399481236934662,
                5.026628286941559e-07,
                0.9971921443939209,
                0.07488429546356201,
                0.2561684548854828,
                0.0,
                0.0,
                0.0,
                1.0
            ],
            "offset": [
                1.0,
                0.0,
                0.0,
                0.0,
                0.0,
                1.0,
                0.0,
                0.0,
                0.0,
                0.0,
                1.0,
                0.0,
                0.0,
                0.0,
                0.0,
                1.0
            ]
        },
        {
            "source": "Neck",
            "target": "Neck",
            "rest": [
                1.0,
                -7.068010177135875e-07,
                2.064224702280626e-07,
                -9.72596438941764e-08,
                -3.670947279488246e-08,
                -0.3278506398200989,
                -0.9447295665740967,
                0.13564497232437134,
                7.354138347182015e-07,
                0.9447294473648071,
                -0.32785066962242126,
                0.41130658984184265,
                0.0,
                0.0,
                0.0,
                1.0
            ],
            "offset": [
                1.0,
                0.0,
                0.0,
                0.0,
                0.0,
                1.0,
                0.0,
                0.0,
                0.0,
                0.0,
                1.0,
                0.0,
                0.0,
                0.0,
                0.0,
                1.0
            ]
        },
        {
            "source": "Head",
            "target": "Head",
            "rest": [
                1.0,
                1.215033336166016e-07,
                -5.249111154626007e-07,
                -1.8394280232314486e-07,
                -5.2401748007469e-07,
                -0.00722309947013855,
                -0.9999738931655884,
                0.09543804824352264,
                -1.252892900538427e-07,
                0.9999737739562988,
                -0.007223159074783325,
                0.527166485786438,
                0.0,
                0.0,
                0.0,
                1.0
            ],
            "offset": [
                1.0,
                0.0,
                0.0,
                0.0,
                0.0,
                1.0,
                0.0,
                0.0,
                0.0,
                0.0,
                1.0,
                0.0,
                0.0,
                0.0,
                0.0,
                1.0
            ]
        }
    ],
    "ik_limbs": [],
    "setting_correct_feet": false,
    "setting_correct_hands": false
}