{
    "mappings": [
        {
            "source": "LeftShoulder",
            "target": "LeftShoulder",
            "rest": [
                -0.009019715711474419,
                0.9991723299026489,
                -0.03966465964913368,
                0.047135449945926666,
                0.996306300163269,
                0.005592179484665394,
                -0.08568865060806274,
                0.037796564400196075,
                -0.08539585769176483,
                -0.04029102250933647,
                -0.9955320954322815,
                0.37743791937828064,
                0.0,
                0.0,
                0.0,
                1.0
            ],
            "offset": [
                1.0,
                0.0,
                0.0,
                0.0,
                0.0,
                1.0,
                0.0,
                0.0,
                0.0,
                0.0,
                1.0,
                0.0,
                0.0,
                0.0,
                0.0,
                1.0
            ]
        },
        {
            "source": "LeftArm",
            "target": "LeftArm",
            "rest": [
                -0.07820343971252441,
                0.9888567924499512,
                -0.12667497992515564,
                0.16593259572982788,
                0.996680736541748,
                0.07466564327478409,
                -0.03244674205780029,
                0.038461387157440186,
                -0.022626843303442,
                -0.12879198789596558,
                -0.9914135336875916,
                0.37264713644981384,
                0.0,
                0.0,
                0.0,
                1.0
            ],
            "offset": [
                0.9974325895309448,
                0.0031824770849198103,
                -0.07154097408056259,
                0.0,
                0.05447249487042427,
                0.6147861480712891,
                0.7868105173110962,
                0.0,
                0.04648640751838684,
                -0.7886874675750732,
                0.6130343675613403,
                0.0,
                0.0,
                0.0,
                0.0,
                1.0
            ]
        },
        {
            "source": "LeftForeArm",
            "target": "LeftForeArm",
            "rest": [
                0.3603622317314148,
                0.9325538277626038,
                -0.021968171000480652,
                0.44788438081741333,
                0.9327715635299683,
                -0.3604671359062195,
                -0.0008787363767623901,
                0.059750769287347794,
                -0.008738234639167786,
                -0.02017468959093094,
                -0.9997583031654358,
                0.33592489361763,
                0.0,
                0.0,
                0.0,
                1.0
            ],
            "offset": [
                1.0,
                0.0,
                0.0,
                0.0,
                0.0,
                1.0,
                0.0,
                0.0,
                0.0,
                0.0,
                1.0,
                0.0,
                0.0,
                0.0,
                0.0,
                1.0
            ]
        },
        {
            "source": "LeftHand",
            "target": "LeftHand",
            "rest": [
                0.3296399414539337,
                0.9405423402786255,
                -0.08196046948432922,
                0.6828618049621582,
                0.9414375424385071,
                -0.3209437131881714,
                0.10339488089084625,
                -0.031076740473508835,
                0.07094259560108185,
                -0.11124380677938461,
                -0.9912577271461487,
                0.3308414816856384,
                0.0,
                0.0,
                0.0,
                1.0
            ],
            "offset": [
                1.0,
                0.0,
                0.0,
                0.0,
                0.0,
                1.0,
                0.0,
                0.0,
                0.0,
                0.0,
                1.0,
                0.0,
                0.0,
                0.0,
                0.0,
                1.0
            ]
        },
        {
            "source": "LeftUpLeg",
            "target": "LeftUpLeg",
            "rest": [
                -0.9978311061859131,
                0.06580889970064163,
                -0.0035320401657372713,
                0.09534388780593872,
                0.004398747812956572,
                0.013076607137918472,
                -0.9999052882194519,
                -0.006903535220772028,
                -0.06575646251440048,
                -0.9977465271949768,
                -0.013337813317775726,
                -0.1058112382888794,
                0.0,
                0.0,
                0.0,
                1.0
            ],
            "offset": [
                1.0,
                0.0,
                0.0,
                0.0,
                0.0,
                1.0,
                0.0,
                0.0,
                0.0,
                0.0,
                1.0,
                0.0,
                0.0,
                0.0,
                0.0,
                1.0
            ]
        },
        {
            "source": "LeftLeg",
            "target": "LeftLeg",
            "rest": [
                -0.9981982111930847,
                0.060042522847652435,
                0.0023304177448153496,
                0.1254958063364029,
                0.003464768873527646,
                0.0962844118475914,
                -0.995348334312439,
                -0.0009121773764491081,
                -0.05998761206865311,
                -0.9935413599014282,
                -0.09631858766078949,
                -0.56295245885849,
                0.0,
                0.0,
                0.0,
                1.0
            ],
            "offset": [
                1.0,
                0.0,
                0.0,
                0.0,
                0.0,
                1.0,
                0.0,
                0.0,
                0.0,
                0.0,
                1.0,
                0.0,
                0.0,
                0.0,
                0.0,
                1.0
            ]
        },
        {
            "source": "LeftFoot",
            "target": "LeftFoot",
            "rest": [
                -0.9965248703956604,
                0.016954226419329643,
                -0.0816144123673439,
                0.1521458774805069,
                0.032362282276153564,
                -0.8235824108123779,
                -0.5662734508514404,
                0.04182492196559906,
                -0.07681683450937271,
                -0.5669438242912292,
                0.820167064666748,
                -1.0039445161819458,
                0.0,
                0.0,
                0.0,
                1.0
            ],
            "offset": [
                1.0,
                0.0,
                0.0,
                0.0,
                0.0,
                1.0,
                0.0,
                0.0,
                0.0,
                0.0,
                1.0,
                0.0,
                0.0,
                0.0,
                0.0,
                1.0
            ]
        },
        {
            "source": "LeftToe",
            "target": "LeftToeBase",
            "rest": [
                -0.9995003938674927,
                0.03146535903215408,
                -0.004346691071987152,
                0.15466903150081635,
                -0.031160026788711548,
                -0.9977967739105225,
                -0.05857974290847778,
                -0.08076067268848419,
                -0.006180673837661743,
                -0.05841487646102905,
                0.9982732534408569,
                -1.0883309841156006,
                0.0,
                0.0,
                0.0,
                1.0
            ],
            "offset": [
                1.0,
                0.0,
                0.0,
                0.0,
                0.0,
                1.0,
                0.0,
                0.0,
                0.0,
                0.0,
                1.0,
                0.0,
                0.0,
                0.0,
                0.0,
                1.0
            ]
        },
        {
            "source": "RightShoulder",
            "target": "RightShoulder",
            "rest": [
                -0.009020837023854256,
                -0.9991728663444519,
                0.03965241461992264,
                -0.04713556170463562,
                -0.9963061809539795,
                0.005594185087829828,
                -0.08569062501192093,
                0.03779657930135727,
                0.08539785444736481,
                -0.04027893394231796,
                -0.9955324530601501,
                0.37743765115737915,
                0.0,
                0.0,
                0.0,
                1.0
            ],
            "offset": [
                1.0,
                0.0,
                0.0,
                0.0,
                0.0,
                1.0,
                0.0,
                0.0,
                0.0,
                0.0,
                1.0,
                0.0,
                0.0,
                0.0,
                0.0,
                1.0
            ]
        },
        {
            "source": "RightArm",
            "target": "RightArm",
            "rest": [
                -0.07668065279722214,
                -0.9948682188987732,
                0.06601294875144958,
                -0.16593298316001892,
                -0.9966805577278137,
                0.07466727495193481,
                -0.032446879893541336,
                0.03846173733472824,
                0.027351273223757744,
                -0.06828188896179199,
                -0.9972912073135376,
                0.37264877557754517,
                0.0,
                0.0,
                0.0,
                1.0
            ],
            "offset": [
                0.9971057176589966,
                -0.005688242148607969,
                0.07581430673599243,
                0.0,
                -0.059305645525455475,
                0.5657620429992676,
                0.8224331736564636,
                0.0,
                -0.04757106304168701,
                -0.8245490789413452,
                0.5637872219085693,
                0.0,
                0.0,
                0.0,
                0.0,
                1.0
            ]
        },
        {
            "source": "RightForeArm",
            "target": "RightForeArm",
            "rest": [
                0.36022329330444336,
                -0.9320506453514099,
                -0.039005689322948456,
                -0.44959795475006104,
                -0.9327722787857056,
                -0.360465407371521,
                -0.0008823014795780182,
                0.05975154787302017,
                -0.013237908482551575,
                0.03670117259025574,
                -0.9992386698722839,
                0.35317960381507874,
                0.0,
                0.0,
                0.0,
                1.0
            ],
            "offset": [
                1.0,
                0.0,
                0.0,
                0.0,
                0.0,
                1.0,
                0.0,
                0.0,
                0.0,
                0.0,
                1.0,
                0.0,
                0.0,
                0.0,
                0.0,
                1.0
            ]
        },
        {
            "source": "RightHand",
            "target": "RightHand",
            "rest": [
                0.32470181584358215,
                -0.9455745816230774,
                0.021400753408670425,
                -0.684448778629303,
                -0.9414390325546265,
                -0.3209419250488281,
                0.10338667780160904,
                -0.031075626611709595,
                -0.09089146554470062,
                -0.053717393428087234,
                -0.9944109916687012,
                0.3624270558357239,
                0.0,
                0.0,
                0.0,
                1.0
            ],
            "offset": [
                1.0,
                0.0,
                0.0,
                0.0,
                0.0,
                1.0,
                0.0,
                0.0,
                0.0,
                0.0,
                1.0,
                0.0,
                0.0,
                0.0,
                0.0,
                1.0
            ]
        },
        {
            "source": "RightUpLeg",
            "target": "RightUpLeg",
            "rest": [
                -0.9978309869766235,
                -0.06580913066864014,
                0.003536057425662875,
                -0.09534387290477753,
                -0.004402921535074711,
                0.013076422736048698,
                -0.9999052286148071,
                -0.006903504021465778,
                0.06575664132833481,
                -0.9977465867996216,
                -0.013337884098291397,
                -0.10581099987030029,
                0.0,
                0.0,
                0.0,
                1.0
            ],
            "offset": [
                1.0,
                0.0,
                0.0,
                0.0,
                0.0,
                1.0,
                0.0,
                0.0,
                0.0,
                0.0,
                1.0,
                0.0,
                0.0,
                0.0,
                0.0,
                1.0
            ]
        },
        {
            "source": "RightLeg",
            "target": "RightLeg",
            "rest": [
                -0.9981981515884399,
                -0.06004226952791214,
                -0.0023280472960323095,
                -0.12549594044685364,
                -0.0034672932233661413,
                0.09628487378358841,
                -0.9953482151031494,
                -0.0009122220799326897,
                0.059987131506204605,
                -0.9935413002967834,
                -0.09631919115781784,
                -0.5629528760910034,
                0.0,
                0.0,
                0.0,
                1.0
            ],
            "offset": [
                1.0,
                0.0,
                0.0,
                0.0,
                0.0,
                1.0,
                0.0,
                0.0,
                0.0,
                0.0,
                1.0,
                0.0,
                0.0,
                0.0,
                0.0,
                1.0
            ]
        },
        {
            "source": "RightFoot",
            "target": "RightFoot",
            "rest": [
                -0.9965253472328186,
                -0.016948655247688293,
                0.08160880208015442,
                -0.15214626491069794,
                -0.032363925129175186,
                -0.8235816955566406,
                -0.5662744045257568,
                0.04182472079992294,
                0.07680901139974594,
                -0.5669450759887695,
                0.8201669454574585,
                -1.0039454698562622,
                0.0,
                0.0,
                0.0,
                1.0
            ],
            "offset": [
                1.0,
                0.0,
                0.0,
                0.0,
                0.0,
                1.0,
                0.0,
                0.0,
                0.0,
                0.0,
                1.0,
                0.0,
                0.0,
                0.0,
                0.0,
                1.0
            ]
        },
        {
            "source": "RightToe",
            "target": "RightToeBase",
            "rest": [
                -0.9994999766349792,
                -0.031476814299821854,
                0.004355780780315399,
                -0.1546688973903656,
                0.03117077797651291,
                -0.9977965354919434,
                -0.05857884883880615,
                -0.08076058328151703,
                0.006190367043018341,
                -0.058413684368133545,
                0.9982733726501465,
                -1.088331699371338,
                0.0,
                0.0,
                0.0,
                1.0
            ],
            "offset": [
                1.0,
                0.0,
                0.0,
                0.0,
                0.0,
                1.0,
                0.0,
                0.0,
                0.0,
                0.0,
                1.0,
                0.0,
                0.0,
                0.0,
                0.0,
                1.0
            ]
        },
        {
            "source": "Hips",
            "target": "Hips",
            "rest": [
                1.0,
                -5.700826477550436e-09,
                -5.2479917940218e-05,
                8.767874122052322e-13,
                -5.2452454838203266e-05,
                -0.03245646134018898,
                -0.9994731545448303,
                -0.01003055740147829,
                -1.6976146071101539e-06,
                0.9994731545448303,
                -0.03245651721954346,
                -0.11110830307006836,
                0.0,
                0.0,
                0.0,
                1.0
            ],
            "offset": [
                1.0,
                0.0,
                0.0,
                1.9188112219126197e-06,
                0.0,
                1.0,
                0.0,
                -1.1297030448913574,
                0.0,
                0.0,
                1.0,
                0.03668548911809921,
                0.0,
                0.0,
                0.0,
                1.0
            ]
        },
        {
            "source": "Spine",
            "target": "Spine",
            "rest": [
                1.0,
                -4.983758117305115e-08,
                1.9331855583004653e-07,
                -5.59751189843638e-10,
                1.9748040358535945e-07,
                0.10484033823013306,
                -0.9944890737533569,
                -0.013226648792624474,
                2.929766651504906e-08,
                0.9944890737533569,
                0.10484027862548828,
                -0.012686967849731445,
                0.0,
                0.0,
                0.0,
                1.0
            ],
            "offset": [
                1.0,
                0.0,
                0.0,
                0.0,
                0.0,
                1.0,
                0.0,
                0.0,
                0.0,
                0.0,
                1.0,
                0.0,
                0.0,
                0.0,
                0.0,
                1.0
            ]
        },
        {
            "source": "Spine1",
            "target": "Spine1",
            "rest": [
                1.0,
                -2.640278182752809e-07,
                3.2289193541146233e-07,
                -7.063202467350038e-09,
                3.627834246344719e-07,
                0.16858318448066711,
                -0.9856874346733093,
                0.00045471545308828354,
                2.0581705939548556e-07,
                0.9856873750686646,
                0.16858312487602234,
                0.11709128320217133,
                0.0,
                0.0,
                0.0,
                1.0
            ],
            "offset": [
                1.0,
                0.0,
                0.0,
                0.0,
                0.0,
                1.0,
                0.0,
                0.0,
                0.0,
                0.0,
                1.0,
                0.0,
                0.0,
                0.0,
                0.0,
                1.0
            ]
        },
        {
            "source": "Spine2",
            "target": "Spine2",
            "rest": [
                1.0,
                -4.896088512396091e-07,
                -1.926493098380888e-07,
                -3.922302482806117e-08,
                -1.5544208054052433e-07,
                0.07488434761762619,
                -0.9971922039985657,
                0.020989233627915382,
                5.026628286941559e-07,
                0.9971921443939209,
                0.07488429546356201,
                0.23715433478355408,
                0.0,
                0.0,
                0.0,
                1.0
            ],
            "offset": [
                1.0,
                0.0,
                0.0,
                0.0,
                0.0,
                1.0,
                0.0,
                0.0,
                0.0,
                0.0,
                1.0,
                0.0,
                0.0,
                0.0,
                0.0,
                1.0
            ]
        },
        {
            "source": "Neck",
            "target": "Neck",
            "rest": [
                1.0,
                -7.068010177135875e-07,
                2.064224702280626e-07,
                -1.1539337663180049e-07,
                -3.670947279488246e-08,
                -0.3278506398200989,
                -0.9447295665740967,
                0.03263939172029495,
                7.354138347182015e-07,
                0.9447294473648071,
                -0.32785066962242126,
                0.39229246973991394,
                0.0,
                0.0,
                0.0,
                1.0
            ],
            "offset": [
                1.0,
                0.0,
                0.0,
                0.0,
                0.0,
                1.0,
                0.0,
                0.0,
                0.0,
                0.0,
                1.0,
                0.0,
                0.0,
                0.0,
                0.0,
                1.0
            ]
        },
        {
            "source": "Head",
            "target": "Head",
            "rest": [
                1.0,
                1.215033336166016e-07,
                -5.249111154626007e-07,
                -2.0207653506076895e-07,
                -5.2401748007469e-07,
                -0.00722309947013855,
                -0.9999738931655884,
                -0.007567539811134338,
                -1.252892900538427e-07,
                0.9999737739562988,
                -0.007223159074783325,
                0.5081523656845093,
                0.0,
                0.0,
                0.0,
                1.0
            ],
            "offset": [
                1.0,
                0.0,
                0.0,
                0.0,
                0.0,
                1.0,
                0.0,
                0.0,
                0.0,
                0.0,
                1.0,
                0.0,
                0.0,
                0.0,
                0.0,
                1.0
            ]
        }
    ],
    "ik_limbs": [],
    "setting_correct_feet": false,
    "setting_correct_hands": false
}