{
    "mappings": [
        {
            "source": "LeftShoulder",
            "target": "LeftShoulder",
            "rest": [
                -0.17926505208015442,
                0.9449153542518616,
                0.2738592028617859,
                0.06222338601946831,
                0.982255756855011,
                0.18750330805778503,
                -0.003982879221439362,
                0.008692403323948383,
                -0.055113114416599274,
                0.2682858109474182,
                -0.961761474609375,
                0.3327345848083496,
                0.0,
                0.0,
                0.0,
                1.0
            ],
            "offset": [
                1.0,
                0.0,
                0.0,
                0.0,
                0.0,
                0.9063076972961426,
                0.4226182699203491,
                0.0,
                0.0,
                -0.4226182699203491,
                0.9063076972961426,
                0.0,
                0.0,
                0.0,
                0.0,
                1.0
            ]
        },
        {
            "source": "LeftArm",
            "target": "LeftArm",
            "rest": [
                -0.08696245402097702,
                0.9920515418052673,
                -0.09094622731208801,
                0.12396661937236786,
                0.9935553669929504,
                0.09303030371665955,
                0.06475203484296799,
                0.02094438672065735,
                0.07269799709320068,
                -0.0847291648387909,
                -0.9937481880187988,
                0.3502653241157532,
                0.0,
                0.0,
                0.0,
                1.0
            ],
            "offset": [
                1.0,
                0.0,
                0.0,
                0.0,
                0.0,
                0.9063076972961426,
                0.4226182699203491,
                0.0,
                0.0,
                -0.4226182699203491,
                0.9063076972961426,
                0.0,
                0.0,
                0.0,
                0.0,
                1.0
            ]
        },
        {
            "source": "LeftForeArm",
            "target": "LeftForeArm",
            "rest": [
                0.041687995195388794,
                0.9978750348091125,
                0.05007368326187134,
                0.3906741440296173,
                0.9980655312538147,
                -0.04390455782413483,
                0.04401130601763725,
                0.04595509171485901,
                0.04611612856388092,
                0.04814203083515167,
                -0.9977750182151794,
                0.3274865746498108,
                0.0,
                0.0,
                0.0,
                1.0
            ],
            "offset": [
                0.9396925568580627,
                0.3368239998817444,
                0.05939116328954697,
                0.0,
                -0.34202003479003906,
                0.9254165291786194,
                0.16317591071128845,
                0.0,
                0.0,
                -0.1736481636762619,
                0.9848077297210693,
                0.0,
                0.0,
                0.0,
                0.0,
                1.0
            ]
        },
        {
            "source": "LeftHand",
            "target": "LeftHand",
            "rest": [
                -0.030890505760908127,
                0.9993849992752075,
                0.016589146107435226,
                0.6475036144256592,
                0.9800311326980591,
                0.03354553505778313,
                -0.19599232077598572,
                0.03465529903769493,
                -0.19642843306064606,
                0.010203525424003601,
                -0.9804647564888,
                0.33987706899642944,
                0.0,
                0.0,
                0.0,
                1.0
            ],
            "offset": [
                1.0,
                0.0,
                0.0,
                0.0,
                0.0,
                1.0,
                0.0,
                0.0,
                0.0,
                0.0,
                1.0,
                0.0,
                0.0,
                0.0,
                0.0,
                1.0
            ]
        },
        {
            "source": "LeftUpLeg",
            "target": "LeftUpLeg",
            "rest": [
                -0.99774569272995,
                0.06713100522756577,
                -7.500817446270958e-05,
                0.0954560711979866,
                0.0036288942210376263,
                0.052742861211299896,
                -0.9986057281494141,
                -0.04438190907239914,
                -0.06703262776136398,
                -0.9963491559028625,
                -0.052867867052555084,
                -0.09846091270446777,
                0.0,
                0.0,
                0.0,
                1.0
            ],
            "offset": [
                1.0,
                0.0,
                0.0,
                0.0,
                0.0,
                1.0,
                0.0,
                0.0,
                0.0,
                0.0,
                1.0,
                0.0,
                0.0,
                0.0,
                0.0,
                1.0
            ]
        },
        {
            "source": "LeftLeg",
            "target": "LeftLeg",
            "rest": [
                -0.9978761672973633,
                0.06502565741539001,
                0.004224104341119528,
                0.12549777328968048,
                0.004134985618293285,
                0.12780369818210602,
                -0.9917950630187988,
                -0.020779024809598923,
                -0.06503117829561234,
                -0.9896654486656189,
                -0.12780101597309113,
                -0.5443358421325684,
                0.0,
                0.0,
                0.0,
                1.0
            ],
            "offset": [
                1.0,
                0.0,
                0.0,
                0.0,
                0.0,
                1.0,
                0.0,
                0.0,
                0.0,
                0.0,
                1.0,
                0.0,
                0.0,
                0.0,
                0.0,
                1.0
            ]
        },
        {
            "source": "LeftFoot",
            "target": "LeftFoot",
            "rest": [
                -0.9999998807907104,
                -0.00036355387419462204,
                0.0017825961112976074,
                0.15473073720932007,
                -0.0008048245217651129,
                -0.7884112000465393,
                -0.6151547431945801,
                0.036676473915576935,
                0.0016294830711558461,
                -0.6151530146598816,
                0.7884059548377991,
                -0.9892503023147583,
                0.0,
                0.0,
                0.0,
                1.0
            ],
            "offset": [
                1.0,
                0.0,
                0.0,
                0.0,
                0.0,
                1.0,
                0.0,
                0.0,
                0.0,
                0.0,
                1.0,
                0.0,
                0.0,
                0.0,
                0.0,
                1.0
            ]
        },
        {
            "source": "LeftToe",
            "target": "LeftToeBase",
            "rest": [
                -0.9983718395233154,
                0.05694344639778137,
                0.0037717849481850863,
                0.15467381477355957,
                -0.056890182197093964,
                -0.9983140230178833,
                0.011869639158248901,
                -0.08676856756210327,
                0.004441695287823677,
                0.011635035276412964,
                0.9999223351478577,
                -1.085567593574524,
                0.0,
                0.0,
                0.0,
                1.0
            ],
            "offset": [
                1.0,
                0.0,
                0.0,
                0.0,
                0.0,
                1.0,
                0.0,
                0.0,
                0.0,
                0.0,
                1.0,
                0.0,
                0.0,
                0.0,
                0.0,
                1.0
            ]
        },
        {
            "source": "RightShoulder",
            "target": "RightShoulder",
            "rest": [
                -0.179264634847641,
                -0.9449148774147034,
                -0.2738616466522217,
                -0.06222344934940338,
                -0.9822560548782349,
                0.18750277161598206,
                -0.003981836140155792,
                0.008692421019077301,
                0.055112436413764954,
                0.2682883143424988,
                -0.9617608785629272,
                0.33273541927337646,
                0.0,
                0.0,
                0.0,
                1.0
            ],
            "offset": [
                1.0,
                0.0,
                0.0,
                0.0,
                0.0,
                0.9063076972961426,
                0.4226182699203491,
                0.0,
                0.0,
                -0.4226182699203491,
                0.9063076972961426,
                0.0,
                0.0,
                0.0,
                0.0,
                1.0
            ]
        },
        {
            "source": "RightArm",
            "target": "RightArm",
            "rest": [
                -0.08696185052394867,
                -0.9920516610145569,
                0.09094655513763428,
                -0.12396716326475143,
                -0.9935555458068848,
                0.09302987158298492,
                0.06475331634283066,
                0.02094441093504429,
                -0.07269922643899918,
                -0.08472943305969238,
                -0.9937483072280884,
                0.3502657115459442,
                0.0,
                0.0,
                0.0,
                1.0
            ],
            "offset": [
                1.0,
                0.0,
                0.0,
                0.0,
                0.0,
                0.9063076972961426,
                0.4226182699203491,
                0.0,
                0.0,
                -0.4226182699203491,
                0.9063076972961426,
                0.0,
                0.0,
                0.0,
                0.0,
                1.0
            ]
        },
        {
            "source": "RightForeArm",
            "target": "RightForeArm",
            "rest": [
                0.04168856143951416,
                -0.997874915599823,
                -0.05007532238960266,
                -0.39067429304122925,
                -0.9980656504631042,
                -0.04390520974993706,
                0.04401222988963127,
                0.045954879373311996,
                -0.046117108315229416,
                0.048143625259399414,
                -0.9977751970291138,
                0.3274868428707123,
                0.0,
                0.0,
                0.0,
                1.0
            ],
            "offset": [
                0.9396925568580627,
                -0.3368239998817444,
                -0.05939116328954697,
                0.0,
                0.34202003479003906,
                0.9254165291786194,
                0.16317591071128845,
                0.0,
                0.0,
                -0.1736481636762619,
                0.9848077297210693,
                0.0,
                0.0,
                0.0,
                0.0,
                1.0
            ]
        },
        {
            "source": "RightHand",
            "target": "RightHand",
            "rest": [
                -0.030886810272932053,
                -0.9993851184844971,
                -0.01658906415104866,
                -0.6475027203559875,
                -0.98003089427948,
                0.033541977405548096,
                -0.19599515199661255,
                0.03465479612350464,
                0.1964312344789505,
                0.010204087942838669,
                -0.980464518070221,
                0.3398779034614563,
                0.0,
                0.0,
                0.0,
                1.0
            ],
            "offset": [
                1.0,
                0.0,
                0.0,
                0.0,
                0.0,
                1.0,
                0.0,
                0.0,
                0.0,
                0.0,
                1.0,
                0.0,
                0.0,
                0.0,
                0.0,
                1.0
            ]
        },
        {
            "source": "RightUpLeg",
            "target": "RightUpLeg",
            "rest": [
                -0.9977465271949768,
                -0.06712951511144638,
                8.196054841391742e-05,
                -0.09545613825321198,
                -0.003638364840298891,
                0.05274328216910362,
                -0.9986078143119812,
                -0.044381897896528244,
                0.06703046709299088,
                -0.9963493943214417,
                -0.05286920815706253,
                -0.09846127033233643,
                0.0,
                0.0,
                0.0,
                1.0
            ],
            "offset": [
                1.0,
                0.0,
                0.0,
                0.0,
                0.0,
                1.0,
                0.0,
                0.0,
                0.0,
                0.0,
                1.0,
                0.0,
                0.0,
                0.0,
                0.0,
                1.0
            ]
        },
        {
            "source": "RightLeg",
            "target": "RightLeg",
            "rest": [
                -0.9978769421577454,
                -0.06502505391836166,
                -0.004215810913592577,
                -0.1254972517490387,
                -0.004145913757383823,
                0.1278069168329239,
                -0.9917967915534973,
                -0.02077881619334221,
                0.06502920389175415,
                -0.9896653890609741,
                -0.12780506908893585,
                -0.5443363189697266,
                0.0,
                0.0,
                0.0,
                1.0
            ],
            "offset": [
                1.0,
                0.0,
                0.0,
                0.0,
                0.0,
                1.0,
                0.0,
                0.0,
                0.0,
                0.0,
                1.0,
                0.0,
                0.0,
                0.0,
                0.0,
                1.0
            ]
        },
        {
            "source": "RightFoot",
            "target": "RightFoot",
            "rest": [
                -1.0000005960464478,
                0.00038392399437725544,
                -0.0017738856840878725,
                -0.15472982823848724,
                0.000780847854912281,
                -0.7884114980697632,
                -0.6151580214500427,
                0.036677971482276917,
                -0.00163541070651263,
                -0.6151552796363831,
                0.7884044647216797,
                -0.9892495274543762,
                0.0,
                0.0,
                0.0,
                1.0
            ],
            "offset": [
                1.0,
                0.0,
                0.0,
                0.0,
                0.0,
                1.0,
                0.0,
                0.0,
                0.0,
                0.0,
                1.0,
                0.0,
                0.0,
                0.0,
                0.0,
                1.0
            ]
        },
        {
            "source": "RightToe",
            "target": "RightToeBase",
            "rest": [
                -0.9983704686164856,
                -0.05696619302034378,
                -0.003963901195675135,
                -0.15466974675655365,
                0.05690810829401016,
                -0.9983148574829102,
                0.011893242597579956,
                -0.08676472306251526,
                -0.004635347053408623,
                0.011647313833236694,
                0.9999215602874756,
                -1.0855653285980225,
                0.0,
                0.0,
                0.0,
                1.0
            ],
            "offset": [
                1.0,
                0.0,
                0.0,
                0.0,
                0.0,
                1.0,
                0.0,
                0.0,
                0.0,
                0.0,
                1.0,
                0.0,
                0.0,
                0.0,
                0.0,
                1.0
            ]
        },
        {
            "source": "Hips",
            "target": "Hips",
            "rest": [
                1.0,
                -1.5234036254696548e-11,
                -5.230349415796809e-05,
                -3.8782453810892736e-14,
                -5.2209492423571646e-05,
                0.05992837995290756,
                -0.9982026219367981,
                -0.04042892903089523,
                3.134479584332439e-06,
                0.9982026219367981,
                0.0599285364151001,
                -0.07908380031585693,
                0.0,
                0.0,
                0.0,
                1.0
            ],
            "offset": [
                1.0,
                0.0,
                0.0,
                -3.498229489196092e-06,
                0.0,
                1.0,
                0.0,
                -1.1140421628952026,
                0.0,
                0.0,
                1.0,
                -0.06688296049833298,
                0.0,
                0.0,
                0.0,
                1.0
            ]
        },
        {
            "source": "Spine",
            "target": "Spine",
            "rest": [
                1.0,
                -1.383568815072067e-10,
                3.0293813324533403e-07,
                -2.634358443193152e-12,
                3.0177761800587177e-07,
                0.08742497116327286,
                -0.9961709976196289,
                -0.03465408459305763,
                -2.6353973225923255e-08,
                0.9961709976196289,
                0.0874251276254654,
                0.017106175422668457,
                0.0,
                0.0,
                0.0,
                1.0
            ],
            "offset": [
                1.0,
                0.0,
                0.0,
                0.0,
                0.0,
                1.0,
                0.0,
                0.0,
                0.0,
                0.0,
                1.0,
                0.0,
                0.0,
                0.0,
                0.0,
                1.0
            ]
        },
        {
            "source": "Spine1",
            "target": "Spine1",
            "rest": [
                1.0,
                -2.23422304657106e-07,
                4.998947247258911e-07,
                -1.5512566925446336e-11,
                5.291297497933556e-07,
                0.15958116948604584,
                -0.9871847033500671,
                -0.026656946167349815,
                1.4077784271648852e-07,
                0.9871847629547119,
                0.15958131849765778,
                0.1082303449511528,
                0.0,
                0.0,
                0.0,
                1.0
            ],
            "offset": [
                1.0,
                0.0,
                0.0,
                0.0,
                0.0,
                1.0,
                0.0,
                0.0,
                0.0,
                0.0,
                1.0,
                0.0,
                0.0,
                0.0,
                0.0,
                1.0
            ]
        },
        {
            "source": "Spine2",
            "target": "Spine2",
            "rest": [
                1.0,
                -1.170405994344037e-10,
                2.489911992142879e-07,
                -2.718830671710748e-08,
                2.488468737738003e-07,
                0.032990410923957825,
                -0.9994555711746216,
                -0.0072485655546188354,
                -8.104773741024474e-09,
                0.9994556307792664,
                0.03299055993556976,
                0.22829270362854004,
                0.0,
                0.0,
                0.0,
                1.0
            ],
            "offset": [
                1.0,
                0.0,
                0.0,
                0.0,
                0.0,
                1.0,
                0.0,
                0.0,
                0.0,
                0.0,
                1.0,
                0.0,
                0.0,
                0.0,
                0.0,
                1.0
            ]
        },
        {
            "source": "Neck",
            "target": "Neck",
            "rest": [
                1.0,
                2.876972757803742e-07,
                2.555848936935945e-07,
                -2.7202919028468386e-08,
                3.1820195545151364e-07,
                -0.24470126628875732,
                -0.9695984125137329,
                -0.0031431345269083977,
                -2.164163390716567e-07,
                0.9695985913276672,
                -0.24470111727714539,
                0.3526662588119507,
                0.0,
                0.0,
                0.0,
                1.0
            ],
            "offset": [
                1.0,
                0.0,
                0.0,
                0.0,
                0.0,
                1.0,
                0.0,
                0.0,
                0.0,
                0.0,
                1.0,
                0.0,
                0.0,
                0.0,
                0.0,
                1.0
            ]
        },
        {
            "source": "Head",
            "target": "Head",
            "rest": [
                1.0,
                6.403180208280901e-09,
                3.810462771980383e-07,
                -1.081550848880397e-09,
                3.781784130296728e-07,
                -0.13997647166252136,
                -0.9901547431945801,
                -0.02536081336438656,
                4.698993194551804e-08,
                0.9901548624038696,
                -0.13997632265090942,
                0.440700888633728,
                0.0,
                0.0,
                0.0,
                1.0
            ],
            "offset": [
                1.0,
                0.0,
                0.0,
                0.0,
                0.0,
                1.0,
                0.0,
                0.0,
                0.0,
                0.0,
                1.0,
                0.0,
                0.0,
                0.0,
                0.0,
                1.0
            ]
        }
    ],
    "ik_limbs": [],
    "setting_correct_feet": false,
    "setting_correct_hands": false
}