{
    "mappings": [
        {
            "source": "L_Shoulder",
            "target": "LeftShoulder",
            "rest": [
                0.06292996555566788,
                0.8534370064735413,
                0.5173829197883606,
                0.047135449945926666,
                0.9837685823440552,
                0.03424443304538727,
                -0.17614421248435974,
                0.05039312317967415,
                -0.16804541647434235,
                0.5200698375701904,
                -0.8374293446540833,
                1.4768553972244263,
                0.0,
                0.0,
                0.0,
                1.0
            ],
            "offset": [
                0.9939175248146057,
                -0.017991622909903526,
                -0.10864715278148651,
                0.0,
                0.07515005022287369,
                0.8319680094718933,
                0.5497105717658997,
                0.0,
                0.0805007740855217,
                -0.5545318722724915,
                0.8282595872879028,
                0.0,
                0.0,
                0.0,
                0.0,
                1.0
            ]
        },
        {
            "source": "L_Hand",
            "target": "LeftHand",
            "rest": [
                0.0349322184920311,
                0.9217283129692078,
                -0.38625961542129517,
                0.6446590423583984,
                0.9894436597824097,
                -0.08628885447978973,
                -0.11642778664827347,
                0.031021516770124435,
                -0.14064466953277588,
                -0.3781149983406067,
                -0.9150123000144958,
                1.3414466381072998,
                0.0,
                0.0,
                0.0,
                1.0
            ],
            "offset": [
                1.0,
                0.0,
                0.0,
                0.0,
                0.0,
                1.0,
                0.0,
                0.0,
                0.0,
                0.0,
                1.0,
                0.0,
                0.0,
                0.0,
                0.0,
                1.0
            ]
        },
        {
            "source": "L_Collar",
            "target": "LeftArm",
            "rest": [
                -0.05825988948345184,
                0.8982934951782227,
                -0.4355163872241974,
                0.14860552549362183,
                0.99430251121521,
                0.013203799724578857,
                -0.10577569901943207,
                0.054464541375637054,
                -0.08926710486412048,
                -0.439197301864624,
                -0.8939446210861206,
                1.5386890172958374,
                0.0,
                0.0,
                0.0,
                1.0
            ],
            "offset": [
                1.0,
                0.0,
                0.0,
                0.0,
                0.0,
                1.0,
                0.0,
                0.0,
                0.0,
                0.0,
                1.0,
                0.0,
                0.0,
                0.0,
                0.0,
                1.0
            ]
        },
        {
            "source": "R_Shoulder",
            "target": "RightShoulder",
            "rest": [
                0.07178694009780884,
                -0.8238232135772705,
                -0.5622828602790833,
                -0.04713556170463562,
                -0.9822664856910706,
                0.03950148820877075,
                -0.18328189849853516,
                0.050393134355545044,
                0.17320282757282257,
                0.5654688477516174,
                -0.8063782453536987,
                1.4768551588058472,
                0.0,
                0.0,
                0.0,
                1.0
            ],
            "offset": [
                0.9927816390991211,
                0.016365762799978256,
                0.11881404370069504,
                0.0,
                -0.08419907838106155,
                0.8005862236022949,
                0.5932724475860596,
                0.0,
                -0.08541153371334076,
                -0.5989940166473389,
                0.796185314655304,
                0.0,
                0.0,
                0.0,
                0.0,
                1.0
            ]
        },
        {
            "source": "R_Ankle",
            "target": "RightFoot",
            "rest": [
                -0.9965253472328186,
                -0.016948655247688293,
                0.08160880208015442,
                -0.15214626491069794,
                -0.032363925129175186,
                -0.8235816955566406,
                -0.5662744045257568,
                0.05442128702998161,
                0.07680901139974594,
                -0.5669450759887695,
                0.8201669454574585,
                0.0954720675945282,
                0.0,
                0.0,
                0.0,
                1.0
            ],
            "offset": [
                1.0,
                0.0,
                0.0,
                0.0,
                0.0,
                1.0,
                0.0,
                0.0,
                0.0,
                0.0,
                1.0,
                0.0,
                0.0,
                0.0,
                0.0,
                1.0
            ]
        },
        {
            "source": "R_Hand",
            "target": "RightHand",
            "rest": [
                -0.07016927748918533,
                -0.941526472568512,
                0.329551637172699,
                -0.6520893573760986,
                -0.9883966445922852,
                0.021006973460316658,
                -0.15043562650680542,
                0.05841706320643425,
                0.13471609354019165,
                -0.33628368377685547,
                -0.9320756793022156,
                1.3718006610870361,
                0.0,
                0.0,
                0.0,
                1.0
            ],
            "offset": [
                1.0,
                0.0,
                0.0,
                0.0,
                0.0,
                1.0,
                0.0,
                0.0,
                0.0,
                0.0,
                1.0,
                0.0,
                0.0,
                0.0,
                0.0,
                1.0
            ]
        },
        {
            "source": "R_Wrist",
            "target": "RightForeArm",
            "rest": [
                -0.05664237216114998,
                -0.9700809717178345,
                0.23608212172985077,
                -0.40765607357025146,
                -0.9742401838302612,
                0.0020055617205798626,
                -0.22550439834594727,
                0.057911694049835205,
                0.21828393638134003,
                -0.24277378618717194,
                -0.9452054500579834,
                1.4329731464385986,
                0.0,
                0.0,
                0.0,
                1.0
            ],
            "offset": [
                0.9060841202735901,
                -0.40938401222229004,
                0.10684709995985031,
                0.0,
                0.4000581204891205,
                0.9111724495887756,
                0.09858119487762451,
                0.0,
                -0.1377137005329132,
                -0.046577807515859604,
                0.9893763065338135,
                0.0,
                0.0,
                0.0,
                0.0,
                1.0
            ]
        },
        {
            "source": "R_Collar",
            "target": "RightArm",
            "rest": [
                -0.05351874604821205,
                -0.9208894968032837,
                0.3861326575279236,
                -0.14508458971977234,
                -0.9934215545654297,
                0.009896934032440186,
                -0.11408659815788269,
                0.055089738219976425,
                0.10123952478170395,
                -0.38969820737838745,
                -0.9153611660003662,
                1.5440871715545654,
                0.0,
                0.0,
                0.0,
                1.0
            ],
            "offset": [
                1.0,
                0.0,
                0.0,
                0.0,
                0.0,
                1.0,
                0.0,
                0.0,
                0.0,
                0.0,
                1.0,
                0.0,
                0.0,
                0.0,
                0.0,
                1.0
            ]
        },
        {
            "source": "Pelvis",
            "target": "Hips",
            "rest": [
                1.0,
                -5.700826477550436e-09,
                -5.2479917940218e-05,
                2.1751376255707555e-09,
                -5.2452454838203266e-05,
                -0.03245646134018898,
                -0.9994731545448303,
                0.0025660069659352303,
                -1.6976146071101539e-06,
                0.9994731545448303,
                -0.03245651721954346,
                0.9883092641830444,
                0.0,
                0.0,
                0.0,
                1.0
            ],
            "offset": [
                1.0,
                0.0,
                0.0,
                -6.061225121811731e-07,
                0.0,
                1.0,
                0.0,
                -0.031273484230041504,
                0.0,
                0.0,
                1.0,
                -0.011587642133235931,
                0.0,
                0.0,
                0.0,
                1.0
            ]
        },
        {
            "source": "Spine1",
            "target": "Spine1",
            "rest": [
                1.0,
                -2.6403185415802e-07,
                3.228950902212091e-07,
                -4.889299631827271e-09,
                3.6278720472182613e-07,
                0.16858318448066711,
                -0.9856874346733093,
                0.013051272369921207,
                2.0582054105489078e-07,
                0.9856873750686646,
                0.16858312487602234,
                1.2165087461471558,
                0.0,
                0.0,
                0.0,
                1.0
            ],
            "offset": [
                1.0,
                0.0,
                0.0,
                0.0,
                0.0,
                1.0,
                0.0,
                0.0,
                0.0,
                0.0,
                1.0,
                0.0,
                0.0,
                0.0,
                0.0,
                1.0
            ]
        },
        {
            "source": "Spine2",
            "target": "Spine2",
            "rest": [
                1.0,
                -4.89612546061835e-07,
                -1.9264575712441e-07,
                -3.70496131552045e-08,
                -1.5543830045317009e-07,
                0.07488434761762619,
                -0.9971922039985657,
                0.033585790544748306,
                5.026662961427064e-07,
                0.9971921443939209,
                0.07488429546356201,
                1.3365718126296997,
                0.0,
                0.0,
                0.0,
                1.0
            ],
            "offset": [
                1.0,
                0.0,
                0.0,
                0.0,
                0.0,
                1.0,
                0.0,
                0.0,
                0.0,
                0.0,
                1.0,
                0.0,
                0.0,
                0.0,
                0.0,
                1.0
            ]
        },
        {
            "source": "Neck",
            "target": "Neck",
            "rest": [
                1.0,
                -7.068029503898288e-07,
                2.0642721665353747e-07,
                -1.132205369458461e-07,
                -3.6705692707528215e-08,
                -0.3278506398200989,
                -0.9447295665740967,
                0.045235950499773026,
                7.35417302166752e-07,
                0.9447294473648071,
                -0.32785066962242126,
                1.4917099475860596,
                0.0,
                0.0,
                0.0,
                1.0
            ],
            "offset": [
                1.0,
                0.0,
                0.0,
                0.0,
                0.0,
                1.0,
                0.0,
                0.0,
                0.0,
                0.0,
                1.0,
                0.0,
                0.0,
                0.0,
                0.0,
                1.0
            ]
        },
        {
            "source": "Head",
            "target": "Head",
            "rest": [
                1.0,
                1.2149999406574352e-07,
                -5.249072501101182e-07,
                -1.9990392274849e-07,
                -5.240136715656263e-07,
                -0.00722309947013855,
                -0.9999738931655884,
                0.005029018968343735,
                -1.252858226052922e-07,
                0.9999737739562988,
                -0.007223159074783325,
                1.6075698137283325,
                0.0,
                0.0,
                0.0,
                1.0
            ],
            "offset": [
                1.0,
                0.0,
                0.0,
                0.0,
                0.0,
                1.0,
                0.0,
                0.0,
                0.0,
                0.0,
                1.0,
                0.0,
                0.0,
                0.0,
                0.0,
                1.0
            ]
        },
        {
            "source": "L_Foot",
            "target": "LeftToeBase",
            "rest": [
                -0.9995003938674927,
                0.03146535903215408,
                -0.004346691071987152,
                0.15466903150081635,
                -0.031160026788711548,
                -0.9977967739105225,
                -0.05857974290847778,
                -0.06816411018371582,
                -0.006180673837661743,
                -0.05841487646102905,
                0.9982732534408569,
                0.01108655333518982,
                0.0,
                0.0,
                0.0,
                1.0
            ],
            "offset": [
                1.0,
                0.0,
                0.0,
                0.0,
                0.0,
                1.0,
                0.0,
                0.0,
                0.0,
                0.0,
                1.0,
                0.0,
                0.0,
                0.0,
                0.0,
                1.0
            ]
        },
        {
            "source": "L_Hip",
            "target": "LeftUpLeg",
            "rest": [
                -0.9978311061859131,
                0.06580889970064163,
                -0.0035320401657372713,
                0.09534389525651932,
                0.004398747812956572,
                0.013076607137918472,
                -0.9999052882194519,
                0.005693029146641493,
                -0.06575646251440048,
                -0.9977465271949768,
                -0.013337813317775726,
                0.9936063289642334,
                0.0,
                0.0,
                0.0,
                1.0
            ],
            "offset": [
                1.0,
                0.0,
                0.0,
                0.0,
                0.0,
                1.0,
                0.0,
                0.0,
                0.0,
                0.0,
                1.0,
                0.0,
                0.0,
                0.0,
                0.0,
                1.0
            ]
        },
        {
            "source": "L_Ankle",
            "target": "LeftFoot",
            "rest": [
                -0.9965248703956604,
                0.016954226419329643,
                -0.0816144123673439,
                0.1521458774805069,
                0.032362282276153564,
                -0.8235824108123779,
                -0.5662734508514404,
                0.05442148819565773,
                -0.07681683450937271,
                -0.5669438242912292,
                0.820167064666748,
                0.0954730212688446,
                0.0,
                0.0,
                0.0,
                1.0
            ],
            "offset": [
                1.0,
                0.0,
                0.0,
                0.0,
                0.0,
                1.0,
                0.0,
                0.0,
                0.0,
                0.0,
                1.0,
                0.0,
                0.0,
                0.0,
                0.0,
                1.0
            ]
        },
        {
            "source": "L_Knee",
            "target": "LeftLeg",
            "rest": [
                -0.9981982111930847,
                0.060042522847652435,
                0.0023304177448153496,
                0.1254958063364029,
                0.003464768873527646,
                0.0962844118475914,
                -0.995348334312439,
                0.011684386990964413,
                -0.05998761206865311,
                -0.9935413599014282,
                -0.09631858766078949,
                0.5364651083946228,
                0.0,
                0.0,
                0.0,
                1.0
            ],
            "offset": [
                1.0,
                0.0,
                0.0,
                0.0,
                0.0,
                1.0,
                0.0,
                0.0,
                0.0,
                0.0,
                1.0,
                0.0,
                0.0,
                0.0,
                0.0,
                1.0
            ]
        },
        {
            "source": "R_Foot",
            "target": "RightToeBase",
            "rest": [
                -0.9994999766349792,
                -0.031476814299821854,
                0.004355780780315399,
                -0.1546688973903656,
                0.03117077797651291,
                -0.9977965354919434,
                -0.05857884883880615,
                -0.06816402077674866,
                0.006190367043018341,
                -0.058413684368133545,
                0.9982733726501465,
                0.011085756123065948,
                0.0,
                0.0,
                0.0,
                1.0
            ],
            "offset": [
                1.0,
                0.0,
                0.0,
                0.0,
                0.0,
                1.0,
                0.0,
                0.0,
                0.0,
                0.0,
                1.0,
                0.0,
                0.0,
                0.0,
                0.0,
                1.0
            ]
        },
        {
            "source": "R_Hip",
            "target": "RightUpLeg",
            "rest": [
                -0.9978309869766235,
                -0.06580913066864014,
                0.003536057425662875,
                -0.09534387290477753,
                -0.004402921535074711,
                0.013076422736048698,
                -0.9999052286148071,
                0.0056930603459477425,
                0.06575664132833481,
                -0.9977465867996216,
                -0.013337884098291397,
                0.9936065673828125,
                0.0,
                0.0,
                0.0,
                1.0
            ],
            "offset": [
                1.0,
                0.0,
                0.0,
                0.0,
                0.0,
                1.0,
                0.0,
                0.0,
                0.0,
                0.0,
                1.0,
                0.0,
                0.0,
                0.0,
                0.0,
                1.0
            ]
        },
        {
            "source": "L_Wrist",
            "target": "LeftForeArm",
            "rest": [
                0.042981479316949844,
                0.9521851539611816,
                -0.3024832010269165,
                0.40473508834838867,
                0.9735019207000732,
                -0.1079801693558693,
                -0.2015797197818756,
                0.05822937190532684,
                -0.2246033400297165,
                -0.28580373525619507,
                -0.9315948486328125,
                1.4134612083435059,
                0.0,
                0.0,
                0.0,
                1.0
            ],
            "offset": [
                0.9474130272865295,
                0.3044489622116089,
                -0.09858681261539459,
                0.0,
                -0.2975442707538605,
                0.9514490365982056,
                0.0788172259926796,
                0.0,
                0.1177961677312851,
                -0.04533853754401207,
                0.9920020699501038,
                0.0,
                0.0,
                0.0,
                0.0,
                1.0
            ]
        },
        {
            "source": "R_Knee",
            "target": "RightLeg",
            "rest": [
                -0.9981981515884399,
                -0.06004226952791214,
                -0.0023280472960323095,
                -0.12549594044685364,
                -0.0034672932233661413,
                0.09628487378358841,
                -0.9953482151031494,
                0.011684342287480831,
                0.059987131506204605,
                -0.9935413002967834,
                -0.09631919115781784,
                0.5364646911621094,
                0.0,
                0.0,
                0.0,
                1.0
            ],
            "offset": [
                1.0,
                0.0,
                0.0,
                0.0,
                0.0,
                1.0,
                0.0,
                0.0,
                0.0,
                0.0,
                1.0,
                0.0,
                0.0,
                0.0,
                0.0,
                1.0
            ]
        }
    ],
    "ik_limbs": [
        {
            "name": "left-foot",
            "enabled": false,
            "target_bone": "",
            "origin_bone": "",
            "control_transform": [
                1.0,
                0.0,
                0.0,
                0.0,
                0.0,
                1.0,
                0.0,
                0.0,
                0.0,
                0.0,
                1.0,
                0.0,
                0.0,
                0.0,
                0.0,
                1.0
            ]
        },
        {
            "name": "right-foot",
            "enabled": false,
            "target_bone": "",
            "origin_bone": "",
            "control_transform": [
                1.0,
                0.0,
                0.0,
                0.0,
                0.0,
                1.0,
                0.0,
                0.0,
                0.0,
                0.0,
                1.0,
                0.0,
                0.0,
                0.0,
                0.0,
                1.0
            ]
        },
        {
            "name": "left-hand",
            "enabled": false,
            "target_bone": "",
            "origin_bone": "",
            "control_transform": [
                1.0,
                0.0,
                0.0,
                0.0,
                0.0,
                1.0,
                0.0,
                0.0,
                0.0,
                0.0,
                1.0,
                0.0,
                0.0,
                0.0,
                0.0,
                1.0
            ]
        },
        {
            "name": "right-hand",
            "enabled": false,
            "target_bone": "",
            "origin_bone": "",
            "control_transform": [
                1.0,
                0.0,
                0.0,
                0.0,
                0.0,
                1.0,
                0.0,
                0.0,
                0.0,
                0.0,
                1.0,
                0.0,
                0.0,
                0.0,
                0.0,
                1.0
            ]
        }
    ],
    "setting_correct_feet": false,
    "setting_correct_hands": false
}