{
    "mappings": [
        {
            "source": "L_Shoulder",
            "target": "LeftShoulder",
            "rest": [
                -0.11728636920452118,
                0.8958105444908142,
                0.42868107557296753,
                0.06222338601946831,
                0.982255756855011,
                0.16825243830680847,
                -0.08285212516784668,
                -0.08260558545589447,
                -0.1463465690612793,
                0.4113571047782898,
                -0.8996487855911255,
                0.3273249864578247,
                0.0,
                0.0,
                0.0,
                1.0
            ],
            "offset": [
                0.9939175248146057,
                -0.01799160987138748,
                -0.10864714533090591,
                0.0,
                0.0751500353217125,
                0.8319680094718933,
                0.5497105717658997,
                0.0,
                0.0805007740855217,
                -0.5545318722724915,
                0.8282595872879028,
                0.0,
                0.0,
                0.0,
                0.0,
                1.0
            ]
        },
        {
            "source": "L_Hand",
            "target": "LeftHand",
            "rest": [
                -0.0974196195602417,
                0.9216811656951904,
                -0.37551772594451904,
                0.6128379702568054,
                0.9214003086090088,
                -0.05910034477710724,
                -0.3840939402580261,
                -0.09306506812572479,
                -0.3762054443359375,
                -0.38342031836509705,
                -0.843479573726654,
                0.17447605729103088,
                0.0,
                0.0,
                0.0,
                1.0
            ],
            "offset": [
                1.0,
                0.0,
                0.0,
                0.0,
                0.0,
                1.0,
                0.0,
                0.0,
                0.0,
                0.0,
                1.0,
                0.0,
                0.0,
                0.0,
                0.0,
                1.0
            ]
        },
        {
            "source": "L_Collar",
            "target": "LeftArm",
            "rest": [
                -0.04695335030555725,
                0.9355754852294922,
                -0.3499917685985565,
                0.12075794488191605,
                0.9988802671432495,
                0.041950076818466187,
                -0.02186702936887741,
                -0.07161148637533188,
                -0.005776196718215942,
                -0.3506264090538025,
                -0.9364975094795227,
                0.35420435667037964,
                0.0,
                0.0,
                0.0,
                1.0
            ],
            "offset": [
                1.0,
                0.0,
                0.0,
                0.0,
                0.0,
                1.0,
                0.0,
                0.0,
                0.0,
                0.0,
                1.0,
                0.0,
                0.0,
                0.0,
                0.0,
                1.0
            ]
        },
        {
            "source": "R_Shoulder",
            "target": "RightShoulder",
            "rest": [
                -0.10902749747037888,
                -0.8717310428619385,
                -0.4777010381221771,
                -0.06222344934940338,
                -0.9822560548782349,
                0.1682523787021637,
                -0.08285093307495117,
                -0.08260557055473328,
                0.15259817242622375,
                0.4601914882659912,
                -0.8746071457862854,
                0.32732582092285156,
                0.0,
                0.0,
                0.0,
                1.0
            ],
            "offset": [
                0.9927816390991211,
                0.016365762799978256,
                0.11881404370069504,
                0.0,
                -0.08419907838106155,
                0.8005862236022949,
                0.5932724475860596,
                0.0,
                -0.08541153371334076,
                -0.5989940166473389,
                0.796185314655304,
                0.0,
                0.0,
                0.0,
                0.0,
                1.0
            ]
        },
        {
            "source": "R_Ankle",
            "target": "RightFoot",
            "rest": [
                -1.0000005960464478,
                0.00038392399437725544,
                -0.0017738856840878725,
                -0.15472982823848724,
                0.000780847854912281,
                -0.7884114980697632,
                -0.6151580214500427,
                -0.05462000146508217,
                -0.00163541070651263,
                -0.6151552796363831,
                0.7884044647216797,
                -0.9946591258049011,
                0.0,
                0.0,
                0.0,
                1.0
            ],
            "offset": [
                1.0,
                0.0,
                0.0,
                0.0,
                0.0,
                1.0,
                0.0,
                0.0,
                0.0,
                0.0,
                1.0,
                0.0,
                0.0,
                0.0,
                0.0,
                1.0
            ]
        },
        {
            "source": "R_Hand",
            "target": "RightHand",
            "rest": [
                -0.18084204196929932,
                -0.9404837489128113,
                0.2877272367477417,
                -0.6221967339515686,
                -0.9136164784431458,
                0.05232379212975502,
                -0.40319621562957764,
                -0.06421788036823273,
                0.364144504070282,
                -0.33578717708587646,
                -0.8687036037445068,
                0.2037973701953888,
                0.0,
                0.0,
                0.0,
                1.0
            ],
            "offset": [
                1.0,
                0.0,
                0.0,
                0.0,
                0.0,
                1.0,
                0.0,
                0.0,
                0.0,
                0.0,
                1.0,
                0.0,
                0.0,
                0.0,
                0.0,
                1.0
            ]
        },
        {
            "source": "R_Wrist",
            "target": "RightForeArm",
            "rest": [
                -0.034811269491910934,
                -0.9583932161331177,
                0.2833213210105896,
                -0.3755299150943756,
                -0.9849679470062256,
                -0.015092925168573856,
                -0.17207622528076172,
                -0.06033338978886604,
                0.16919293999671936,
                -0.28505265712738037,
                -0.9434611201286316,
                0.2771628201007843,
                0.0,
                0.0,
                0.0,
                1.0
            ],
            "offset": [
                0.9060841202735901,
                -0.40938401222229004,
                0.10684709995985031,
                0.0,
                0.4000581204891205,
                0.9111724495887756,
                0.09858119487762451,
                0.0,
                -0.1377137005329132,
                -0.046577807515859604,
                0.9893763065338135,
                0.0,
                0.0,
                0.0,
                0.0,
                1.0
            ]
        },
        {
            "source": "R_Collar",
            "target": "RightArm",
            "rest": [
                -0.04656290262937546,
                -0.9535071849822998,
                0.29775217175483704,
                -0.11918520927429199,
                -0.9988804459571838,
                0.0419505350291729,
                -0.021865732967853546,
                -0.07161149382591248,
                0.008358411490917206,
                -0.2984370291233063,
                -0.9543927907943726,
                0.3573957085609436,
                0.0,
                0.0,
                0.0,
                1.0
            ],
            "offset": [
                1.0,
                0.0,
                0.0,
                0.0,
                0.0,
                1.0,
                0.0,
                0.0,
                0.0,
                0.0,
                1.0,
                0.0,
                0.0,
                0.0,
                0.0,
                1.0
            ]
        },
        {
            "source": "Pelvis",
            "target": "Hips",
            "rest": [
                1.0,
                -1.5234036254696548e-11,
                -5.230349415796809e-05,
                -3.7984296697574083e-13,
                -5.2209492423571646e-05,
                0.05992837995290756,
                -0.9982026219367981,
                -0.13172690570354462,
                3.134479584332439e-06,
                0.9982026219367981,
                0.0599285364151001,
                -0.08449339866638184,
                0.0,
                0.0,
                0.0,
                1.0
            ],
            "offset": [
                1.0,
                0.0,
                0.0,
                1.2514351510617416e-06,
                0.0,
                1.0,
                0.0,
                -1.1249133348464966,
                0.0,
                0.0,
                1.0,
                0.0239267498254776,
                0.0,
                0.0,
                0.0,
                1.0
            ]
        },
        {
            "source": "Spine1",
            "target": "Spine1",
            "rest": [
                1.0,
                -2.23422304657106e-07,
                4.998947247258911e-07,
                -1.5853627438611184e-11,
                5.291297497933556e-07,
                0.15958116948604584,
                -0.9871847033500671,
                -0.11795493215322495,
                1.4077784271648852e-07,
                0.9871847629547119,
                0.15958131849765778,
                0.1028207466006279,
                0.0,
                0.0,
                0.0,
                1.0
            ],
            "offset": [
                1.0,
                0.0,
                0.0,
                0.0,
                0.0,
                1.0,
                0.0,
                0.0,
                0.0,
                0.0,
                1.0,
                0.0,
                0.0,
                0.0,
                0.0,
                1.0
            ]
        },
        {
            "source": "Spine2",
            "target": "Spine2",
            "rest": [
                1.0,
                -1.170405994344037e-10,
                2.489911992142879e-07,
                -2.7188647777620645e-08,
                2.488468737738003e-07,
                0.032990410923957825,
                -0.9994555711746216,
                -0.09854655712842941,
                -8.104773741024474e-09,
                0.9994556307792664,
                0.03299055993556976,
                0.22288310527801514,
                0.0,
                0.0,
                0.0,
                1.0
            ],
            "offset": [
                1.0,
                0.0,
                0.0,
                0.0,
                0.0,
                1.0,
                0.0,
                0.0,
                0.0,
                0.0,
                1.0,
                0.0,
                0.0,
                0.0,
                0.0,
                1.0
            ]
        },
        {
            "source": "Neck",
            "target": "Neck",
            "rest": [
                1.0,
                2.876972757803742e-07,
                2.555848936935945e-07,
                -2.720326008898155e-08,
                3.1820195545151364e-07,
                -0.24470126628875732,
                -0.9695984125137329,
                -0.09444113075733185,
                -2.164163390716567e-07,
                0.9695985913276672,
                -0.24470111727714539,
                0.3472566604614258,
                0.0,
                0.0,
                0.0,
                1.0
            ],
            "offset": [
                1.0,
                0.0,
                0.0,
                0.0,
                0.0,
                1.0,
                0.0,
                0.0,
                0.0,
                0.0,
                1.0,
                0.0,
                0.0,
                0.0,
                0.0,
                1.0
            ]
        },
        {
            "source": "Head",
            "target": "Head",
            "rest": [
                1.0,
                6.403180208280901e-09,
                3.810462771980383e-07,
                -1.081891909393562e-09,
                3.781784130296728e-07,
                -0.13997647166252136,
                -0.9901547431945801,
                -0.11665880680084229,
                4.698993194551804e-08,
                0.9901548624038696,
                -0.13997632265090942,
                0.4352912902832031,
                0.0,
                0.0,
                0.0,
                1.0
            ],
            "offset": [
                1.0,
                0.0,
                0.0,
                0.0,
                0.0,
                1.0,
                0.0,
                0.0,
                0.0,
                0.0,
                1.0,
                0.0,
                0.0,
                0.0,
                0.0,
                1.0
            ]
        },
        {
            "source": "L_Foot",
            "target": "LeftToeBase",
            "rest": [
                -0.9983718395233154,
                0.05694344639778137,
                0.0037717849481850863,
                0.15467381477355957,
                -0.056890182197093964,
                -0.9983140230178833,
                0.011869639158248901,
                -0.17806653678417206,
                0.004441695287823677,
                0.011635035276412964,
                0.9999223351478577,
                -1.0909771919250488,
                0.0,
                0.0,
                0.0,
                1.0
            ],
            "offset": [
                1.0,
                0.0,
                0.0,
                0.0,
                0.0,
                1.0,
                0.0,
                0.0,
                0.0,
                0.0,
                1.0,
                0.0,
                0.0,
                0.0,
                0.0,
                1.0
            ]
        },
        {
            "source": "L_Hip",
            "target": "LeftUpLeg",
            "rest": [
                -0.99774569272995,
                0.06713100522756577,
                -7.500817446270958e-05,
                0.0954560711979866,
                0.0036288942210376263,
                0.052742861211299896,
                -0.9986057281494141,
                -0.13567988574504852,
                -0.06703262776136398,
                -0.9963491559028625,
                -0.052867867052555084,
                -0.10387051105499268,
                0.0,
                0.0,
                0.0,
                1.0
            ],
            "offset": [
                1.0,
                0.0,
                0.0,
                0.0,
                0.0,
                1.0,
                0.0,
                0.0,
                0.0,
                0.0,
                1.0,
                0.0,
                0.0,
                0.0,
                0.0,
                1.0
            ]
        },
        {
            "source": "L_Ankle",
            "target": "LeftFoot",
            "rest": [
                -0.9999998807907104,
                -0.00036355387419462204,
                0.0017825961112976074,
                0.15473073720932007,
                -0.0008048245217651129,
                -0.7884112000465393,
                -0.6151547431945801,
                -0.05462149903178215,
                0.0016294830711558461,
                -0.6151530146598816,
                0.7884059548377991,
                -0.9946599006652832,
                0.0,
                0.0,
                0.0,
                1.0
            ],
            "offset": [
                1.0,
                0.0,
                0.0,
                0.0,
                0.0,
                1.0,
                0.0,
                0.0,
                0.0,
                0.0,
                1.0,
                0.0,
                0.0,
                0.0,
                0.0,
                1.0
            ]
        },
        {
            "source": "L_Knee",
            "target": "LeftLeg",
            "rest": [
                -0.9978761672973633,
                0.06502565741539001,
                0.004224104341119528,
                0.12549777328968048,
                0.004134985618293285,
                0.12780369818210602,
                -0.9917950630187988,
                -0.11207699775695801,
                -0.06503117829561234,
                -0.9896654486656189,
                -0.12780101597309113,
                -0.5497454404830933,
                0.0,
                0.0,
                0.0,
                1.0
            ],
            "offset": [
                1.0,
                0.0,
                0.0,
                0.0,
                0.0,
                1.0,
                0.0,
                0.0,
                0.0,
                0.0,
                1.0,
                0.0,
                0.0,
                0.0,
                0.0,
                1.0
            ]
        },
        {
            "source": "R_Foot",
            "target": "RightToeBase",
            "rest": [
                -0.9983704686164856,
                -0.05696619302034378,
                -0.003963901195675135,
                -0.15466974675655365,
                0.05690810829401016,
                -0.9983148574829102,
                0.011893242597579956,
                -0.17806270718574524,
                -0.004635347053408623,
                0.011647313833236694,
                0.9999215602874756,
                -1.0909748077392578,
                0.0,
                0.0,
                0.0,
                1.0
            ],
            "offset": [
                1.0,
                0.0,
                0.0,
                0.0,
                0.0,
                1.0,
                0.0,
                0.0,
                0.0,
                0.0,
                1.0,
                0.0,
                0.0,
                0.0,
                0.0,
                1.0
            ]
        },
        {
            "source": "R_Hip",
            "target": "RightUpLeg",
            "rest": [
                -0.9977465271949768,
                -0.06712951511144638,
                8.196054841391742e-05,
                -0.09545613825321198,
                -0.003638364840298891,
                0.05274328216910362,
                -0.9986078143119812,
                -0.13567987084388733,
                0.06703046709299088,
                -0.9963493943214417,
                -0.05286920815706253,
                -0.10387086868286133,
                0.0,
                0.0,
                0.0,
                1.0
            ],
            "offset": [
                1.0,
                0.0,
                0.0,
                0.0,
                0.0,
                1.0,
                0.0,
                0.0,
                0.0,
                0.0,
                1.0,
                0.0,
                0.0,
                0.0,
                0.0,
                1.0
            ]
        },
        {
            "source": "L_Wrist",
            "target": "LeftForeArm",
            "rest": [
                0.06558575481176376,
                0.9346458911895752,
                -0.3494795262813568,
                0.3722822666168213,
                0.9794880747795105,
                -0.12717503309249878,
                -0.15629833936691284,
                -0.060333386063575745,
                -0.1905287504196167,
                -0.33205997943878174,
                -0.9238151907920837,
                0.25994062423706055,
                0.0,
                0.0,
                0.0,
                1.0
            ],
            "offset": [
                0.9474130272865295,
                0.3044489622116089,
                -0.098586805164814,
                0.0,
                -0.2975442707538605,
                0.9514490365982056,
                0.07881723344326019,
                0.0,
                0.1177961528301239,
                -0.04533854126930237,
                0.9920021891593933,
                0.0,
                0.0,
                0.0,
                0.0,
                1.0
            ]
        },
        {
            "source": "R_Knee",
            "target": "RightLeg",
            "rest": [
                -0.9978769421577454,
                -0.06502505391836166,
                -0.004215810913592577,
                -0.1254972517490387,
                -0.004145913757383823,
                0.1278069168329239,
                -0.9917967915534973,
                -0.1120767891407013,
                0.06502920389175415,
                -0.9896653890609741,
                -0.12780506908893585,
                -0.5497459173202515,
                0.0,
                0.0,
                0.0,
                1.0
            ],
            "offset": [
                1.0,
                0.0,
                0.0,
                0.0,
                0.0,
                1.0,
                0.0,
                0.0,
                0.0,
                0.0,
                1.0,
                0.0,
                0.0,
                0.0,
                0.0,
                1.0
            ]
        }
    ],
    "ik_limbs": [
        {
            "name": "left-foot",
            "enabled": false,
            "target_bone": "",
            "origin_bone": "",
            "control_transform": [
                1.0,
                0.0,
                0.0,
                0.0,
                0.0,
                1.0,
                0.0,
                0.0,
                0.0,
                0.0,
                1.0,
                0.0,
                0.0,
                0.0,
                0.0,
                1.0
            ]
        },
        {
            "name": "right-foot",
            "enabled": false,
            "target_bone": "",
            "origin_bone": "",
            "control_transform": [
                1.0,
                0.0,
                0.0,
                0.0,
                0.0,
                1.0,
                0.0,
                0.0,
                0.0,
                0.0,
                1.0,
                0.0,
                0.0,
                0.0,
                0.0,
                1.0
            ]
        },
        {
            "name": "left-hand",
            "enabled": false,
            "target_bone": "",
            "origin_bone": "",
            "control_transform": [
                1.0,
                0.0,
                0.0,
                0.0,
                0.0,
                1.0,
                0.0,
                0.0,
                0.0,
                0.0,
                1.0,
                0.0,
                0.0,
                0.0,
                0.0,
                1.0
            ]
        },
        {
            "name": "right-hand",
            "enabled": false,
            "target_bone": "",
            "origin_bone": "",
            "control_transform": [
                1.0,
                0.0,
                0.0,
                0.0,
                0.0,
                1.0,
                0.0,
                0.0,
                0.0,
                0.0,
                1.0,
                0.0,
                0.0,
                0.0,
                0.0,
                1.0
            ]
        }
    ],
    "setting_correct_feet": false,
    "setting_correct_hands": false
}